cellVoltage_1,cellVoltage_2,cellVoltage_3,cellVoltage_4,cellVoltage_5,cellVoltage_6,cellVoltage_7,cellVoltage_8,cellVoltage_9,cellVoltage_10,cellVoltage_11,cellVoltage_12,cellVoltage_13,cellVoltage_14,packCurrent,cellSoC_1,cellSoC_2,cellSoC_3,cellSoC_4,cellSoC_5,cellSoC_6,cellSoC_7,cellSoC_8,cellSoC_9,cellSoC_10,cellSoC_11,cellSoC_12,cellSoC_13,cellSoC_14,cellSoH_1,cellSoH_2,cellSoH_3,cellSoH_4,cellSoH_5,cellSoH_6,cellSoH_7,cellSoH_8,cellSoH_9,cellSoH_10,cellSoH_11,cellSoH_12,cellSoH_13,cellSoH_14,equivalentFullCycle,cellCB_1,cellCB_2,cellCB_3,cellCB_4,cellCB_5,cellCB_6,cellCB_7,cellCB_8,cellCB_9,cellCB_10,cellCB_11,cellCB_12,cellCB_13,cellCB_14,Date
3988494,3984985,3979339,4003448,3600000,3600000,3600000,3600000,3600000,3600000,3600000,3978271,3989410,3992309,512,775,783,781,778,185,185,185,185,185,185,185,779,785,785,1000,1000,1000,1000,1000,1000,1000,1000,1000,1000,1000,1000,1000,1000,0,0,0,0,0,0,0,0,0,0,0,0,0,0,0,1681470710
3987884,3984527,3978271,4002380,3600000,3600000,3600000,3600000,3600000,3600000,3600000,3978729,3988037,3992004,514,775,783,781,778,185,185,185,185,185,185,185,779,785,785,1000,1000,1000,1000,1000,1000,1000,1000,1000,1000,1000,1000,1000,1000,0,0,0,0,0,0,0,0,0,0,0,0,0,0,0,1681470711
3988037,3984680,3978881,4002990,3600000,3600000,3600000,3600000,3600000,3600000,3600000,3977355,3989105,3991851,514,775,783,781,778,185,185,185,185,185,185,185,779,785,785,1000,1000,1000,1000,1000,1000,1000,1000,1000,1000,1000,1000,1000,1000,0,0,0,0,0,0,0,0,0,0,0,0,0,0,0,1681470712
3988952,3985443,3979187,4002990,3600000,3600000,3600000,3600000,3600000,3600000,3600000,3978576,3988342,3991394,511,775,783,781,778,185,185,185,185,185,185,185,779,785,785,1000,1000,1000,1000,1000,1000,1000,1000,1000,1000,1000,1000,1000,1000,0,0,0,0,0,0,0,0,0,0,0,0,0,0,0,1681470713
3988494,3984985,3979339,4002838,3600000,3600000,3600000,3600000,3600000,3600000,3600000,3977966,3988342,3992309,511,775,783,781,778,185,185,185,185,185,185,185,779,785,785,1000,1000,1000,1000,1000,1000,1000,1000,1000,1000,1000,1000,1000,1000,0,0,0,0,0,0,0,0,0,0,0,0,0,0,0,1681470714
3988342,3985290,3978729,4002380,3600000,3600000,3600000,3600000,3600000,3600000,3600000,3978729,3988189,3991394,512,775,783,781,778,185,185,185,185,185,185,185,779,785,785,1000,1000,1000,1000,1000,1000,1000,1000,1000,1000,1000,1000,1000,1000,0,0,0,0,0,0,0,0,0,0,0,0,0,0,0,1681470715
3988647,3985137,3978729,4002685,3600000,3600000,3600000,3600000,3600000,3600000,3600000,3977813,3988494,3992309,510,775,783,781,778,185,185,185,185,185,185,185,779,785,785,1000,1000,1000,1000,1000,1000,1000,1000,1000,1000,1000,1000,1000,1000,0,0,0,0,0,0,0,0,0,0,0,0,0,0,0,1681470716
3988037,3984680,3978118,4002532,3600000,3600000,3600000,3600000,3600000,3600000,3600000,3977661,3988189,3991088,515,775,783,781,778,185,185,185,185,185,185,185,779,785,785,1000,1000,1000,1000,1000,1000,1000,1000,1000,1000,1000,1000,1000,1000,0,0,0,0,0,0,0,0,0,0,0,0,0,0,0,1681470717
3989105,3985137,3978118,4002227,3600000,3600000,3600000,3600000,3600000,3600000,3600000,3978576,3988189,3991241,512,775,783,781,778,185,185,185,185,185,185,185,779,785,785,1000,1000,1000,1000,1000,1000,1000,1000,1000,1000,1000,1000,1000,1000,0,0,0,0,0,0,0,0,0,0,0,0,0,0,0,1681470718
3987731,3984375,3978118,4002532,3600000,3600000,3600000,3600000,3600000,3600000,3600000,3977661,3988342,3991088,515,775,783,781,778,185,185,185,185,185,185,185,779,785,785,1000,1000,1000,1000,1000,1000,1000,1000,1000,1000,1000,1000,1000,1000,0,0,0,0,0,0,0,0,0,0,0,0,0,0,0,1681470719
3988800,3985137,3978881,4002380,3600000,3600000,3600000,3600000,3600000,3600000,3600000,3978271,3988952,3991394,512,775,783,781,778,185,185,185,185,185,185,185,779,785,785,1000,1000,1000,1000,1000,1000,1000,1000,1000,1000,1000,1000,1000,1000,0,0,0,0,0,0,0,0,0,0,0,0,0,0,0,1681470720
3988037,3984832,3977966,4002532,3600000,3600000,3600000,3600000,3600000,3600000,3600000,3977661,3988037,3991546,514,775,783,781,778,185,185,185,185,185,185,185,779,785,785,1000,1000,1000,1000,1000,1000,1000,1000,1000,1000,1000,1000,1000,1000,0,0,0,0,0,0,0,0,0,0,0,0,0,0,0,1681470721
3987884,3984985,3978118,4002838,3600000,3600000,3600000,3600000,3600000,3600000,3600000,3978576,3988494,3991851,510,775,783,781,778,185,185,185,185,185,185,185,779,785,785,1000,1000,1000,1000,1000,1000,1000,1000,1000,1000,1000,1000,1000,1000,0,0,0,0,0,0,0,0,0,0,0,0,0,0,0,1681470722
3988342,3984832,3978118,4002075,3600000,3600000,3600000,3600000,3600000,3600000,3600000,3977050,3988189,3991394,514,775,783,781,778,185,185,185,185,185,185,185,779,785,785,1000,1000,1000,1000,1000,1000,1000,1000,1000,1000,1000,1000,1000,1000,0,0,0,0,0,0,0,0,0,0,0,0,0,0,0,1681470723
3988800,3984985,3978424,4002685,3600000,3600000,3600000,3600000,3600000,3600000,3600000,3977661,3988647,3991851,510,775,783,781,778,185,185,185,185,185,185,185,779,785,785,1000,1000,1000,1000,1000,1000,1000,1000,1000,1000,1000,1000,1000,1000,0,0,0,0,0,0,0,0,0,0,0,0,0,0,0,1681470724
3988037,3984680,3979034,4003448,3600000,3600000,3600000,3600000,3600000,3600000,3600000,3977355,3987884,3991241,513,775,783,781,778,185,185,185,185,185,185,185,779,785,785,1000,1000,1000,1000,1000,1000,1000,1000,1000,1000,1000,1000,1000,1000,0,0,0,0,0,0,0,0,0,0,0,0,0,0,0,1681470725
3987731,3984375,3978424,4001770,3600000,3600000,3600000,3600000,3600000,3600000,3600000,3977661,3988494,3991546,512,775,783,781,778,185,185,185,185,185,185,185,779,785,785,1000,1000,1000,1000,1000,1000,1000,1000,1000,1000,1000,1000,1000,1000,0,0,0,0,0,0,0,0,0,0,0,0,0,0,0,1681470726
3988189,3984985,3979034,4003143,3600000,3600000,3600000,3600000,3600000,3600000,3600000,3977355,3988342,3991546,509,775,783,781,778,185,185,185,185,185,185,185,779,785,785,1000,1000,1000,1000,1000,1000,1000,1000,1000,1000,1000,1000,1000,1000,0,0,0,0,0,0,0,0,0,0,0,0,0,0,0,1681470727
3987884,3984527,3977966,4002532,3600000,3600000,3600000,3600000,3600000,3600000,3600000,3977813,3987579,3990783,513,775,783,781,778,185,185,185,185,185,185,185,779,785,785,1000,1000,1000,1000,1000,1000,1000,1000,1000,1000,1000,1000,1000,1000,0,0,0,0,0,0,0,0,0,0,0,0,0,0,0,1681470728
3988647,3985137,3978118,4002075,3600000,3600000,3600000,3600000,3600000,3600000,3600000,3977813,3988189,3992004,509,775,783,781,778,185,185,185,185,185,185,185,779,785,785,1000,1000,1000,1000,1000,1000,1000,1000,1000,1000,1000,1000,1000,1000,0,0,0,0,0,0,0,0,0,0,0,0,0,0,0,1681470729
3988342,3984985,3978424,4001922,3600000,3600000,3600000,3600000,3600000,3600000,3600000,3977813,3989105,3992462,509,774,782,780,777,184,184,184,184,184,184,184,778,784,784,1000,1000,1000,1000,1000,1000,1000,1000,1000,1000,1000,1000,1000,1000,0,0,0,0,0,0,0,0,0,0,0,0,0,0,0,1681470730
3987884,3984680,3978576,4002838,3600000,3600000,3600000,3600000,3600000,3600000,3600000,3977203,3988189,3991241,511,774,782,780,777,184,184,184,184,184,184,184,778,784,784,1000,1000,1000,1000,1000,1000,1000,1000,1000,1000,1000,1000,1000,1000,0,0,0,0,0,0,0,0,0,0,0,0,0,0,0,1681470731
3987884,3984375,3977813,4002838,3600000,3600000,3600000,3600000,3600000,3600000,3600000,3977203,3988189,3991546,512,774,782,780,777,184,184,184,184,184,184,184,778,784,784,1000,1000,1000,1000,1000,1000,1000,1000,1000,1000,1000,1000,1000,1000,0,0,0,0,0,0,0,0,0,0,0,0,0,0,0,1681470732
3988189,3984375,3978271,4002380,3600000,3600000,3600000,3600000,3600000,3600000,3600000,3977813,3987426,3990325,511,774,782,780,777,184,184,184,184,184,184,184,778,784,784,1000,1000,1000,1000,1000,1000,1000,1000,1000,1000,1000,1000,1000,1000,0,0,0,0,0,0,0,0,0,0,0,0,0,0,0,1681470733
3988189,3984527,3978271,4002227,3600000,3600000,3600000,3600000,3600000,3600000,3600000,3977508,3988037,3991088,511,774,782,780,777,184,184,184,184,184,184,184,778,784,784,1000,1000,1000,1000,1000,1000,1000,1000,1000,1000,1000,1000,1000,1000,0,0,0,0,0,0,0,0,0,0,0,0,0,0,0,1681470734
3986968,3983306,3977355,4001617,3600000,3600000,3600000,3600000,3600000,3600000,3600000,3976898,3988037,3990936,515,774,782,780,777,184,184,184,184,184,184,184,778,784,784,1000,1000,1000,1000,1000,1000,1000,1000,1000,1000,1000,1000,1000,1000,0,0,0,0,0,0,0,0,0,0,0,0,0,0,0,1681470735
3987731,3984375,3978576,4002075,3600000,3600000,3600000,3600000,3600000,3600000,3600000,3976898,3987274,3990325,515,774,782,780,777,184,184,184,184,184,184,184,778,784,784,1000,1000,1000,1000,1000,1000,1000,1000,1000,1000,1000,1000,1000,1000,0,0,0,0,0,0,0,0,0,0,0,0,0,0,0,1681470736
3987884,3984985,3977813,4001464,3600000,3600000,3600000,3600000,3600000,3600000,3600000,3977050,3987884,3991241,514,774,782,780,777,184,184,184,184,184,184,184,778,784,784,1000,1000,1000,1000,1000,1000,1000,1000,1000,1000,1000,1000,1000,1000,0,0,0,0,0,0,0,0,0,0,0,0,0,0,0,1681470737
3987884,3984375,3977966,4001922,3600000,3600000,3600000,3600000,3600000,3600000,3600000,3977203,3988647,3991394,512,774,782,780,777,184,184,184,184,184,184,184,778,784,784,1000,1000,1000,1000,1000,1000,1000,1000,1000,1000,1000,1000,1000,1000,0,0,0,0,0,0,0,0,0,0,0,0,0,0,0,1681470738
3987274,3984222,3978424,4001922,3600000,3600000,3600000,3600000,3600000,3600000,3600000,3977813,3986663,3990478,511,774,782,780,777,184,184,184,184,184,184,184,778,784,784,1000,1000,1000,1000,1000,1000,1000,1000,1000,1000,1000,1000,1000,1000,0,0,0,0,0,0,0,0,0,0,0,0,0,0,0,1681470739
3988342,3984222,3978424,4002685,3600000,3600000,3600000,3600000,3600000,3600000,3600000,3977813,3988189,3991394,509,774,782,780,777,184,184,184,184,184,184,184,778,784,784,1000,1000,1000,1000,1000,1000,1000,1000,1000,1000,1000,1000,1000,1000,0,0,0,0,0,0,0,0,0,0,0,0,0,0,0,1681470740
3987274,3984375,3977508,4001922,3600000,3600000,3600000,3600000,3600000,3600000,3600000,3976440,3987426,3990936,514,774,782,780,777,184,184,184,184,184,184,184,778,784,784,1000,1000,1000,1000,1000,1000,1000,1000,1000,1000,1000,1000,1000,1000,0,0,0,0,0,0,0,0,0,0,0,0,0,0,0,1681470741
3988037,3984527,3977661,4002532,3600000,3600000,3600000,3600000,3600000,3600000,3600000,3976593,3987579,3990173,514,774,782,780,777,184,184,184,184,184,184,184,778,784,784,1000,1000,1000,1000,1000,1000,1000,1000,1000,1000,1000,1000,1000,1000,0,0,0,0,0,0,0,0,0,0,0,0,0,0,0,1681470742
3986816,3983764,3977355,4001464,3600000,3600000,3600000,3600000,3600000,3600000,3600000,3976287,3987579,3991088,515,774,782,780,777,184,184,184,184,184,184,184,778,784,784,1000,1000,1000,1000,1000,1000,1000,1000,1000,1000,1000,1000,1000,1000,0,0,0,0,0,0,0,0,0,0,0,0,0,0,0,1681470743
3987121,3984680,3977508,4002075,3600000,3600000,3600000,3600000,3600000,3600000,3600000,3976898,3987274,3990631,514,774,782,780,777,184,184,184,184,184,184,184,778,784,784,1000,1000,1000,1000,1000,1000,1000,1000,1000,1000,1000,1000,1000,1000,0,0,0,0,0,0,0,0,0,0,0,0,0,0,0,1681470744
3987731,3984375,3977966,4002075,3600000,3600000,3600000,3600000,3600000,3600000,3600000,3976898,3988189,3991241,511,774,782,780,777,184,184,184,184,184,184,184,778,784,784,1000,1000,1000,1000,1000,1000,1000,1000,1000,1000,1000,1000,1000,1000,0,0,0,0,0,0,0,0,0,0,0,0,0,0,0,1681470745
3988342,3984527,3978271,4002532,3600000,3600000,3600000,3600000,3600000,3600000,3600000,3977355,3988494,3991088,508,774,782,780,777,184,184,184,184,184,184,184,778,784,784,1000,1000,1000,1000,1000,1000,1000,1000,1000,1000,1000,1000,1000,1000,0,0,0,0,0,0,0,0,0,0,0,0,0,0,0,1681470746
3987426,3984680,3977661,4002075,3600000,3600000,3600000,3600000,3600000,3600000,3600000,3976593,3987121,3990325,510,774,782,780,777,184,184,184,184,184,184,184,778,784,784,1000,1000,1000,1000,1000,1000,1000,1000,1000,1000,1000,1000,1000,1000,0,0,0,0,0,0,0,0,0,0,0,0,0,0,0,1681470747
3986968,3984222,3977050,4001617,3600000,3600000,3600000,3600000,3600000,3600000,3600000,3976898,3986968,3990478,514,774,782,780,777,184,184,184,184,184,184,184,778,784,784,1000,1000,1000,1000,1000,1000,1000,1000,1000,1000,1000,1000,1000,1000,0,0,0,0,0,0,0,0,0,0,0,0,0,0,0,1681470748
3986968,3983459,3978424,4002227,3600000,3600000,3600000,3600000,3600000,3600000,3600000,3976593,3987426,3990936,514,774,782,780,777,184,184,184,184,184,184,184,778,784,784,1000,1000,1000,1000,1000,1000,1000,1000,1000,1000,1000,1000,1000,1000,0,0,0,0,0,0,0,0,0,0,0,0,0,0,0,1681470749
3987579,3983764,3977661,4001464,3600000,3600000,3600000,3600000,3600000,3600000,3600000,3976593,3987121,3990020,513,773,781,779,776,183,183,183,183,183,183,183,777,783,783,1000,1000,1000,1000,1000,1000,1000,1000,1000,1000,1000,1000,1000,1000,0,0,0,0,0,0,0,0,0,0,0,0,0,0,0,1681470750
3987884,3984222,3977813,4001770,3600000,3600000,3600000,3600000,3600000,3600000,3600000,3977355,3988037,3990783,512,773,781,779,776,183,183,183,183,183,183,183,777,783,783,1000,1000,1000,1000,1000,1000,1000,1000,1000,1000,1000,1000,1000,1000,0,0,0,0,0,0,0,0,0,0,0,0,0,0,0,1681470751
3987579,3984527,3977203,4001159,3600000,3600000,3600000,3600000,3600000,3600000,3600000,3976593,3987579,3990478,513,773,781,779,776,183,183,183,183,183,183,183,777,783,783,1000,1000,1000,1000,1000,1000,1000,1000,1000,1000,1000,1000,1000,1000,0,0,0,0,0,0,0,0,0,0,0,0,0,0,0,1681470752
3987426,3984069,3977050,4001464,3600000,3600000,3600000,3600000,3600000,3600000,3600000,3976898,3987579,3991241,511,773,781,779,776,183,183,183,183,183,183,183,777,783,783,1000,1000,1000,1000,1000,1000,1000,1000,1000,1000,1000,1000,1000,1000,0,0,0,0,0,0,0,0,0,0,0,0,0,0,0,1681470753
3987579,3983459,3976898,4001770,3600000,3600000,3600000,3600000,3600000,3600000,3600000,3976440,3987579,3990173,513,773,781,779,776,183,183,183,183,183,183,183,777,783,783,1000,1000,1000,1000,1000,1000,1000,1000,1000,1000,1000,1000,1000,1000,0,0,0,0,0,0,0,0,0,0,0,0,0,0,0,1681470754
3987121,3983459,3977813,4001159,3600000,3600000,3600000,3600000,3600000,3600000,3600000,3976898,3986663,3990478,513,773,781,779,776,183,183,183,183,183,183,183,777,783,783,1000,1000,1000,1000,1000,1000,1000,1000,1000,1000,1000,1000,1000,1000,0,0,0,0,0,0,0,0,0,0,0,0,0,0,0,1681470755
3987274,3983459,3977355,4001464,3600000,3600000,3600000,3600000,3600000,3600000,3600000,3975982,3987426,3990936,514,773,781,779,776,183,183,183,183,183,183,183,777,783,783,1000,1000,1000,1000,1000,1000,1000,1000,1000,1000,1000,1000,1000,1000,0,0,0,0,0,0,0,0,0,0,0,0,0,0,0,1681470756
3986511,3983306,3977203,4001159,3600000,3600000,3600000,3600000,3600000,3600000,3600000,3976898,3986816,3990631,513,773,781,779,776,183,183,183,183,183,183,183,777,783,783,1000,1000,1000,1000,1000,1000,1000,1000,1000,1000,1000,1000,1000,1000,0,0,0,0,0,0,0,0,0,0,0,0,0,0,0,1681470757
3987121,3983612,3976440,4000549,3600000,3600000,3600000,3600000,3600000,3600000,3600000,3976440,3986206,3989868,515,773,781,779,776,183,183,183,183,183,183,183,777,783,783,1000,1000,1000,1000,1000,1000,1000,1000,1000,1000,1000,1000,1000,1000,0,0,0,0,0,0,0,0,0,0,0,0,0,0,0,1681470758
3986968,3983459,3976898,4001159,3600000,3600000,3600000,3600000,3600000,3600000,3600000,3976440,3987274,3990325,513,773,781,779,776,183,183,183,183,183,183,183,777,783,783,1000,1000,1000,1000,1000,1000,1000,1000,1000,1000,1000,1000,1000,1000,0,0,0,0,0,0,0,0,0,0,0,0,0,0,0,1681470760
3986663,3983001,3977050,4001464,3600000,3600000,3600000,3600000,3600000,3600000,3600000,3976135,3986663,3990783,513,773,781,779,776,183,183,183,183,183,183,183,777,783,783,1000,1000,1000,1000,1000,1000,1000,1000,1000,1000,1000,1000,1000,1000,0,0,0,0,0,0,0,0,0,0,0,0,0,0,0,1681470760
3987731,3984069,3977813,4001312,3600000,3600000,3600000,3600000,3600000,3600000,3600000,3976745,3987121,3990783,509,773,781,779,776,183,183,183,183,183,183,183,777,783,783,1000,1000,1000,1000,1000,1000,1000,1000,1000,1000,1000,1000,1000,1000,0,0,0,0,0,0,0,0,0,0,0,0,0,0,0,1681470761
3987121,3984222,3977203,4001312,3600000,3600000,3600000,3600000,3600000,3600000,3600000,3976745,3986511,3989715,514,773,781,779,776,183,183,183,183,183,183,183,777,783,783,1000,1000,1000,1000,1000,1000,1000,1000,1000,1000,1000,1000,1000,1000,0,0,0,0,0,0,0,0,0,0,0,0,0,0,0,1681470762
3986511,3983459,3976898,4000701,3600000,3600000,3600000,3600000,3600000,3600000,3600000,3976745,3986511,3989868,515,773,781,779,776,183,183,183,183,183,183,183,777,783,783,1000,1000,1000,1000,1000,1000,1000,1000,1000,1000,1000,1000,1000,1000,0,0,0,0,0,0,0,0,0,0,0,0,0,0,0,1681470763
3986968,3983764,3977355,4001159,3600000,3600000,3600000,3600000,3600000,3600000,3600000,3976898,3987579,3990631,511,773,781,779,776,183,183,183,183,183,183,183,777,783,783,1000,1000,1000,1000,1000,1000,1000,1000,1000,1000,1000,1000,1000,1000,0,0,0,0,0,0,0,0,0,0,0,0,0,0,0,1681470764
3986206,3982696,3976898,4001312,3600000,3600000,3600000,3600000,3600000,3600000,3600000,3976745,3987884,3990936,510,773,781,779,776,183,183,183,183,183,183,183,777,783,783,1000,1000,1000,1000,1000,1000,1000,1000,1000,1000,1000,1000,1000,1000,0,0,0,0,0,0,0,0,0,0,0,0,0,0,0,1681470765
3987274,3983764,3977050,4001159,3600000,3600000,3600000,3600000,3600000,3600000,3600000,3975830,3986663,3989562,514,773,781,779,776,183,183,183,183,183,183,183,777,783,783,1000,1000,1000,1000,1000,1000,1000,1000,1000,1000,1000,1000,1000,1000,0,0,0,0,0,0,0,0,0,0,0,0,0,0,0,1681470766
3986816,3983459,3977203,4001464,3600000,3600000,3600000,3600000,3600000,3600000,3600000,3975524,3986663,3989562,512,773,781,779,776,183,183,183,183,183,183,183,777,783,783,1000,1000,1000,1000,1000,1000,1000,1000,1000,1000,1000,1000,1000,1000,0,0,0,0,0,0,0,0,0,0,0,0,0,0,0,1681470767
3986968,3983459,3977050,4001312,3600000,3600000,3600000,3600000,3600000,3600000,3600000,3975982,3987121,3989868,513,773,781,779,776,183,183,183,183,183,183,183,777,783,783,1000,1000,1000,1000,1000,1000,1000,1000,1000,1000,1000,1000,1000,1000,0,0,0,0,0,0,0,0,0,0,0,0,0,0,0,1681470768
3986358,3983306,3977203,4000549,3600000,3600000,3600000,3600000,3600000,3600000,3600000,3976440,3986511,3989868,511,773,781,779,776,183,183,183,183,183,183,183,777,783,783,1000,1000,1000,1000,1000,1000,1000,1000,1000,1000,1000,1000,1000,1000,0,0,0,0,0,0,0,0,0,0,0,0,0,0,0,1681470770
3986511,3983459,3976745,4000701,3600000,3600000,3600000,3600000,3600000,3600000,3600000,3976287,3986511,3990173,512,772,780,778,775,182,182,182,182,182,182,182,776,782,782,1000,1000,1000,1000,1000,1000,1000,1000,1000,1000,1000,1000,1000,1000,0,0,0,0,0,0,0,0,0,0,0,0,0,0,0,1681470771
3986206,3983612,3976745,4000854,3600000,3600000,3600000,3600000,3600000,3600000,3600000,3976287,3986053,3988952,514,772,780,778,775,182,182,182,182,182,182,182,776,782,782,1000,1000,1000,1000,1000,1000,1000,1000,1000,1000,1000,1000,1000,1000,0,0,0,0,0,0,0,0,0,0,0,0,0,0,0,1681470772
3986663,3983001,3976745,4000701,3600000,3600000,3600000,3600000,3600000,3600000,3600000,3975982,3986968,3989715,514,772,780,778,775,182,182,182,182,182,182,182,776,782,782,1000,1000,1000,1000,1000,1000,1000,1000,1000,1000,1000,1000,1000,1000,0,0,0,0,0,0,0,0,0,0,0,0,0,0,0,1681470773
3986206,3982849,3976287,4000854,3600000,3600000,3600000,3600000,3600000,3600000,3600000,3975830,3986816,3990020,512,772,780,778,775,182,182,182,182,182,182,182,776,782,782,1000,1000,1000,1000,1000,1000,1000,1000,1000,1000,1000,1000,1000,1000,0,0,0,0,0,0,0,0,0,0,0,0,0,0,0,1681470774
3986358,3983154,3977050,4000549,3600000,3600000,3600000,3600000,3600000,3600000,3600000,3975677,3986663,3989562,513,772,780,778,775,182,182,182,182,182,182,182,776,782,782,1000,1000,1000,1000,1000,1000,1000,1000,1000,1000,1000,1000,1000,1000,0,0,0,0,0,0,0,0,0,0,0,0,0,0,0,1681470775
3986663,3983917,3976440,4000396,3600000,3600000,3600000,3600000,3600000,3600000,3600000,3975372,3986816,3989715,514,772,780,778,775,182,182,182,182,182,182,182,776,782,782,1000,1000,1000,1000,1000,1000,1000,1000,1000,1000,1000,1000,1000,1000,0,0,0,0,0,0,0,0,0,0,0,0,0,0,0,1681470776
3986663,3983764,3977203,4001617,3600000,3600000,3600000,3600000,3600000,3600000,3600000,3975830,3986816,3990325,509,772,780,778,775,182,182,182,182,182,182,182,776,782,782,1000,1000,1000,1000,1000,1000,1000,1000,1000,1000,1000,1000,1000,1000,0,0,0,0,0,0,0,0,0,0,0,0,0,0,0,1681470777
3986663,3983306,3977203,4001617,3600000,3600000,3600000,3600000,3600000,3600000,3600000,3975677,3986511,3989257,514,772,780,778,775,182,182,182,182,182,182,182,776,782,782,1000,1000,1000,1000,1000,1000,1000,1000,1000,1000,1000,1000,1000,1000,0,0,0,0,0,0,0,0,0,0,0,0,0,0,0,1681470778
3986358,3983459,3976135,3999938,3600000,3600000,3600000,3600000,3600000,3600000,3600000,3975372,3986663,3990173,512,772,780,778,775,182,182,182,182,182,182,182,776,782,782,1000,1000,1000,1000,1000,1000,1000,1000,1000,1000,1000,1000,1000,1000,0,0,0,0,0,0,0,0,0,0,0,0,0,0,0,1681470779
3986816,3983459,3975830,4000396,3600000,3600000,3600000,3600000,3600000,3600000,3600000,3975982,3987121,3989715,512,772,780,778,775,182,182,182,182,182,182,182,776,782,782,1000,1000,1000,1000,1000,1000,1000,1000,1000,1000,1000,1000,1000,1000,0,0,0,0,0,0,0,0,0,0,0,0,0,0,0,1681470780
3986206,3983154,3975982,3999938,3600000,3600000,3600000,3600000,3600000,3600000,3600000,3975524,3986968,3990020,513,772,780,778,775,182,182,182,182,182,182,182,776,782,782,1000,1000,1000,1000,1000,1000,1000,1000,1000,1000,1000,1000,1000,1000,0,0,0,0,0,0,0,0,0,0,0,0,0,0,0,1681470781
3986206,3983154,3976593,4000396,3600000,3600000,3600000,3600000,3600000,3600000,3600000,3975372,3985748,3989105,514,772,780,778,775,182,182,182,182,182,182,182,776,782,782,1000,1000,1000,1000,1000,1000,1000,1000,1000,1000,1000,1000,1000,1000,0,0,0,0,0,0,0,0,0,0,0,0,0,0,0,1681470782
3985595,3982849,3976745,4000701,3600000,3600000,3600000,3600000,3600000,3600000,3600000,3975982,3986816,3989562,512,772,780,778,775,182,182,182,182,182,182,182,776,782,782,1000,1000,1000,1000,1000,1000,1000,1000,1000,1000,1000,1000,1000,1000,0,0,0,0,0,0,0,0,0,0,0,0,0,0,0,1681470783
3985900,3983154,3976440,4000244,3600000,3600000,3600000,3600000,3600000,3600000,3600000,3976135,3986511,3990173,513,772,780,778,775,182,182,182,182,182,182,182,776,782,782,1000,1000,1000,1000,1000,1000,1000,1000,1000,1000,1000,1000,1000,1000,0,0,0,0,0,0,0,0,0,0,0,0,0,0,0,1681470784
3986053,3983459,3975982,4000549,3600000,3600000,3600000,3600000,3600000,3600000,3600000,3975219,3986511,3989105,513,772,780,778,775,182,182,182,182,182,182,182,776,782,782,1000,1000,1000,1000,1000,1000,1000,1000,1000,1000,1000,1000,1000,1000,0,0,0,0,0,0,0,0,0,0,0,0,0,0,0,1681470785
3986206,3982391,3976135,3999938,3600000,3600000,3600000,3600000,3600000,3600000,3600000,3975372,3985290,3989105,514,772,780,778,775,182,182,182,182,182,182,182,776,782,782,1000,1000,1000,1000,1000,1000,1000,1000,1000,1000,1000,1000,1000,1000,0,0,0,0,0,0,0,0,0,0,0,0,0,0,0,1681470786
3986358,3983459,3976745,4000396,3600000,3600000,3600000,3600000,3600000,3600000,3600000,3975524,3986968,3989562,511,772,780,778,775,182,182,182,182,182,182,182,776,782,782,1000,1000,1000,1000,1000,1000,1000,1000,1000,1000,1000,1000,1000,1000,0,0,0,0,0,0,0,0,0,0,0,0,0,0,0,1681470787
3985900,3982696,3975982,4000244,3600000,3600000,3600000,3600000,3600000,3600000,3600000,3975219,3986053,3989562,515,772,780,778,775,182,182,182,182,182,182,182,776,782,782,1000,1000,1000,1000,1000,1000,1000,1000,1000,1000,1000,1000,1000,1000,0,0,0,0,0,0,0,0,0,0,0,0,0,0,0,1681470788
3984680,3981933,3975524,3999786,3600000,3600000,3600000,3600000,3600000,3600000,3600000,3974761,3985748,3988647,517,772,780,778,775,182,182,182,182,182,182,182,776,782,782,1000,1000,1000,1000,1000,1000,1000,1000,1000,1000,1000,1000,1000,1000,0,0,0,0,0,0,0,0,0,0,0,0,0,0,0,1681470789
3985443,3982696,3976593,4000091,3600000,3600000,3600000,3600000,3600000,3600000,3600000,3975677,3986663,3989715,510,772,780,778,775,182,182,182,182,182,182,182,776,782,782,1000,1000,1000,1000,1000,1000,1000,1000,1000,1000,1000,1000,1000,1000,0,0,0,0,0,0,0,0,0,0,0,0,0,0,0,1681470790
3986206,3982543,3975982,4000091,3600000,3600000,3600000,3600000,3600000,3600000,3600000,3974456,3986206,3990020,512,771,779,777,774,181,181,181,181,181,181,181,775,781,781,1000,1000,1000,1000,1000,1000,1000,1000,1000,1000,1000,1000,1000,1000,0,0,0,0,0,0,0,0,0,0,0,0,0,0,0,1681470791
3986053,3982543,3975982,4000244,3600000,3600000,3600000,3600000,3600000,3600000,3600000,3975219,3986358,3990173,512,771,779,777,774,181,181,181,181,181,181,181,775,781,781,1000,1000,1000,1000,1000,1000,1000,1000,1000,1000,1000,1000,1000,1000,0,0,0,0,0,0,0,0,0,0,0,0,0,0,0,1681470792
3985748,3982238,3976287,4000854,3600000,3600000,3600000,3600000,3600000,3600000,3600000,3975219,3986358,3988952,512,771,779,777,774,181,181,181,181,181,181,181,775,781,781,1000,1000,1000,1000,1000,1000,1000,1000,1000,1000,1000,1000,1000,1000,0,0,0,0,0,0,0,0,0,0,0,0,0,0,0,1681470793
3985443,3982543,3975830,3999633,3600000,3600000,3600000,3600000,3600000,3600000,3600000,3975219,3986206,3988952,514,771,779,777,774,181,181,181,181,181,181,181,775,781,781,1000,1000,1000,1000,1000,1000,1000,1000,1000,1000,1000,1000,1000,1000,0,0,0,0,0,0,0,0,0,0,0,0,0,0,0,1681470794
3985290,3982238,3976440,4000396,3600000,3600000,3600000,3600000,3600000,3600000,3600000,3975372,3986053,3989257,512,771,779,777,774,181,181,181,181,181,181,181,775,781,781,1000,1000,1000,1000,1000,1000,1000,1000,1000,1000,1000,1000,1000,1000,0,0,0,0,0,0,0,0,0,0,0,0,0,0,0,1681470795
3986206,3982543,3975830,3999481,3600000,3600000,3600000,3600000,3600000,3600000,3600000,3975219,3985748,3988800,513,771,779,777,774,181,181,181,181,181,181,181,775,781,781,1000,1000,1000,1000,1000,1000,1000,1000,1000,1000,1000,1000,1000,1000,0,0,0,0,0,0,0,0,0,0,0,0,0,0,0,1681470796
3985137,3981933,3975982,4000091,3600000,3600000,3600000,3600000,3600000,3600000,3600000,3974914,3985595,3989105,516,771,779,777,774,181,181,181,181,181,181,181,775,781,781,1000,1000,1000,1000,1000,1000,1000,1000,1000,1000,1000,1000,1000,1000,0,0,0,0,0,0,0,0,0,0,0,0,0,0,0,1681470797
3985748,3982238,3976287,3999938,3600000,3600000,3600000,3600000,3600000,3600000,3600000,3975524,3986663,3989105,510,771,779,777,774,181,181,181,181,181,181,181,775,781,781,1000,1000,1000,1000,1000,1000,1000,1000,1000,1000,1000,1000,1000,1000,0,0,0,0,0,0,0,0,0,0,0,0,0,0,0,1681470798
3985900,3982238,3975982,3999938,3600000,3600000,3600000,3600000,3600000,3600000,3600000,3975067,3985748,3989257,512,771,779,777,774,181,181,181,181,181,181,181,775,781,781,1000,1000,1000,1000,1000,1000,1000,1000,1000,1000,1000,1000,1000,1000,0,0,0,0,0,0,0,0,0,0,0,0,0,0,0,1681470799
3986053,3983306,3975524,4000091,3600000,3600000,3600000,3600000,3600000,3600000,3600000,3975219,3985900,3989410,511,771,779,777,774,181,181,181,181,181,181,181,775,781,781,1000,1000,1000,1000,1000,1000,1000,1000,1000,1000,1000,1000,1000,1000,0,0,0,0,0,0,0,0,0,0,0,0,0,0,0,1681470800
3986206,3982696,3975219,3999481,3600000,3600000,3600000,3600000,3600000,3600000,3600000,3974609,3985595,3988189,513,771,779,777,774,181,181,181,181,181,181,181,775,781,781,1000,1000,1000,1000,1000,1000,1000,1000,1000,1000,1000,1000,1000,1000,0,0,0,0,0,0,0,0,0,0,0,0,0,0,0,1681470801
3986206,3983154,3975677,4000091,3600000,3600000,3600000,3600000,3600000,3600000,3600000,3974456,3985900,3989105,512,771,779,777,774,181,181,181,181,181,181,181,775,781,781,1000,1000,1000,1000,1000,1000,1000,1000,1000,1000,1000,1000,1000,1000,0,0,0,0,0,0,0,0,0,0,0,0,0,0,0,1681470802
3985900,3982238,3975677,4000244,3600000,3600000,3600000,3600000,3600000,3600000,3600000,3974609,3985748,3989257,513,771,779,777,774,181,181,181,181,181,181,181,775,781,781,1000,1000,1000,1000,1000,1000,1000,1000,1000,1000,1000,1000,1000,1000,0,0,0,0,0,0,0,0,0,0,0,0,0,0,0,1681470803
3985443,3983001,3976593,4000396,3600000,3600000,3600000,3600000,3600000,3600000,3600000,3975067,3986206,3989257,510,771,779,777,774,181,181,181,181,181,181,181,775,781,781,1000,1000,1000,1000,1000,1000,1000,1000,1000,1000,1000,1000,1000,1000,0,0,0,0,0,0,0,0,0,0,0,0,0,0,0,1681470804
3985748,3982696,3975524,3999786,3600000,3600000,3600000,3600000,3600000,3600000,3600000,3974761,3985595,3989410,514,771,779,777,774,181,181,181,181,181,181,181,775,781,781,1000,1000,1000,1000,1000,1000,1000,1000,1000,1000,1000,1000,1000,1000,0,0,0,0,0,0,0,0,0,0,0,0,0,0,0,1681470805
3985290,3981628,3975677,3999633,3600000,3600000,3600000,3600000,3600000,3600000,3600000,3974456,3985595,3988800,516,771,779,777,774,181,181,181,181,181,181,181,775,781,781,1000,1000,1000,1000,1000,1000,1000,1000,1000,1000,1000,1000,1000,1000,0,0,0,0,0,0,0,0,0,0,0,0,0,0,0,1681470806
3985595,3982391,3975524,3999176,3600000,3600000,3600000,3600000,3600000,3600000,3600000,3975219,3985900,3989105,510,771,779,777,774,181,181,181,181,181,181,181,775,781,781,1000,1000,1000,1000,1000,1000,1000,1000,1000,1000,1000,1000,1000,1000,0,0,0,0,0,0,0,0,0,0,0,0,0,0,0,1681470807
3984832,3981933,3975982,3999633,3600000,3600000,3600000,3600000,3600000,3600000,3600000,3975067,3984527,3988037,513,771,779,777,774,181,181,181,181,181,181,181,775,781,781,1000,1000,1000,1000,1000,1000,1000,1000,1000,1000,1000,1000,1000,1000,0,0,0,0,0,0,0,0,0,0,0,0,0,0,0,1681470808
3985595,3982849,3975830,3999328,3600000,3600000,3600000,3600000,3600000,3600000,3600000,3975372,3985595,3989105,510,771,779,777,774,181,181,181,181,181,181,181,775,781,781,1000,1000,1000,1000,1000,1000,1000,1000,1000,1000,1000,1000,1000,1000,0,0,0,0,0,0,0,0,0,0,0,0,0,0,0,1681470809
3986053,3982849,3976135,3999938,3600000,3600000,3600000,3600000,3600000,3600000,3600000,3975067,3986206,3989410,510,771,779,777,774,181,181,181,181,181,181,181,775,781,781,1000,1000,1000,1000,1000,1000,1000,1000,1000,1000,1000,1000,1000,1000,0,0,0,0,0,0,0,0,0,0,0,0,0,0,0,1681470810
3985290,3981933,3975219,3999481,3600000,3600000,3600000,3600000,3600000,3600000,3600000,3974609,3985290,3988800,512,770,778,776,773,180,180,180,180,180,180,180,774,780,780,1000,1000,1000,1000,1000,1000,1000,1000,1000,1000,1000,1000,1000,1000,0,0,0,0,0,0,0,0,0,0,0,0,0,0,0,1681470811
3986053,3982849,3975982,3999176,3600000,3600000,3600000,3600000,3600000,3600000,3600000,3974914,3986511,3989562,508,770,778,776,773,180,180,180,180,180,180,180,774,780,780,1000,1000,1000,1000,1000,1000,1000,1000,1000,1000,1000,1000,1000,1000,0,0,0,0,0,0,0,0,0,0,0,0,0,0,0,1681470812
3984680,3981018,3975677,3999481,3600000,3600000,3600000,3600000,3600000,3600000,3600000,3974304,3985290,3988647,514,770,778,776,773,180,180,180,180,180,180,180,774,780,780,1000,1000,1000,1000,1000,1000,1000,1000,1000,1000,1000,1000,1000,1000,0,0,0,0,0,0,0,0,0,0,0,0,0,0,0,1681470813
3984985,3981628,3975677,3999633,3600000,3600000,3600000,3600000,3600000,3600000,3600000,3974151,3985137,3988342,515,770,778,776,773,180,180,180,180,180,180,180,774,780,780,1000,1000,1000,1000,1000,1000,1000,1000,1000,1000,1000,1000,1000,1000,0,0,0,0,0,0,0,0,0,0,0,0,0,0,0,1681470814
3985137,3981933,3974914,3999023,3600000,3600000,3600000,3600000,3600000,3600000,3600000,3974761,3984680,3988342,514,770,778,776,773,180,180,180,180,180,180,180,774,780,780,1000,1000,1000,1000,1000,1000,1000,1000,1000,1000,1000,1000,1000,1000,0,0,0,0,0,0,0,0,0,0,0,0,0,0,0,1681470815
3984832,3981781,3975524,3999328,3600000,3600000,3600000,3600000,3600000,3600000,3600000,3974609,3984985,3988800,512,770,778,776,773,180,180,180,180,180,180,180,774,780,780,1000,1000,1000,1000,1000,1000,1000,1000,1000,1000,1000,1000,1000,1000,0,0,0,0,0,0,0,0,0,0,0,0,0,0,0,1681470816
3984832,3981781,3975219,3999481,3600000,3600000,3600000,3600000,3600000,3600000,3600000,3974151,3984680,3987884,514,770,778,776,773,180,180,180,180,180,180,180,774,780,780,1000,1000,1000,1000,1000,1000,1000,1000,1000,1000,1000,1000,1000,1000,0,0,0,0,0,0,0,0,0,0,0,0,0,0,0,1681470817
3984222,3981628,3975372,3999176,3600000,3600000,3600000,3600000,3600000,3600000,3600000,3974151,3985290,3988494,514,770,778,776,773,180,180,180,180,180,180,180,774,780,780,1000,1000,1000,1000,1000,1000,1000,1000,1000,1000,1000,1000,1000,1000,0,0,0,0,0,0,0,0,0,0,0,0,0,0,0,1681470818
3985443,3982238,3974761,3999481,3600000,3600000,3600000,3600000,3600000,3600000,3600000,3974304,3984527,3987579,513,770,778,776,773,180,180,180,180,180,180,180,774,780,780,1000,1000,1000,1000,1000,1000,1000,1000,1000,1000,1000,1000,1000,1000,0,0,0,0,0,0,0,0,0,0,0,0,0,0,0,1681470819
3984985,3981781,3975219,3999176,3600000,3600000,3600000,3600000,3600000,3600000,3600000,3974151,3985748,3989105,511,770,778,776,773,180,180,180,180,180,180,180,774,780,780,1000,1000,1000,1000,1000,1000,1000,1000,1000,1000,1000,1000,1000,1000,0,0,0,0,0,0,0,0,0,0,0,0,0,0,0,1681470820
3984222,3981323,3974151,3998565,3600000,3600000,3600000,3600000,3600000,3600000,3600000,3974151,3985290,3988342,516,770,778,776,773,180,180,180,180,180,180,180,774,780,780,1000,1000,1000,1000,1000,1000,1000,1000,1000,1000,1000,1000,1000,1000,0,0,0,0,0,0,0,0,0,0,0,0,0,0,0,1681470821
3985137,3981628,3974304,3998565,3600000,3600000,3600000,3600000,3600000,3600000,3600000,3974304,3984680,3988494,513,770,778,776,773,180,180,180,180,180,180,180,774,780,780,1000,1000,1000,1000,1000,1000,1000,1000,1000,1000,1000,1000,1000,1000,0,0,0,0,0,0,0,0,0,0,0,0,0,0,0,1681470822
3984985,3981170,3974914,3998565,3600000,3600000,3600000,3600000,3600000,3600000,3600000,3974456,3985137,3988494,514,770,778,776,773,180,180,180,180,180,180,180,774,780,780,1000,1000,1000,1000,1000,1000,1000,1000,1000,1000,1000,1000,1000,1000,0,0,0,0,0,0,0,0,0,0,0,0,0,0,0,1681470823
3985137,3981781,3975372,3999938,3600000,3600000,3600000,3600000,3600000,3600000,3600000,3974456,3984832,3988189,510,770,778,776,773,180,180,180,180,180,180,180,774,780,780,1000,1000,1000,1000,1000,1000,1000,1000,1000,1000,1000,1000,1000,1000,0,0,0,0,0,0,0,0,0,0,0,0,0,0,0,1681470824
3984680,3981323,3974456,3998565,3600000,3600000,3600000,3600000,3600000,3600000,3600000,3973846,3983917,3987731,514,770,778,776,773,180,180,180,180,180,180,180,774,780,780,1000,1000,1000,1000,1000,1000,1000,1000,1000,1000,1000,1000,1000,1000,0,0,0,0,0,0,0,0,0,0,0,0,0,0,0,1681470825
3984985,3981781,3974761,3999328,3600000,3600000,3600000,3600000,3600000,3600000,3600000,3974304,3984832,3988647,514,770,778,776,773,180,180,180,180,180,180,180,774,780,780,1000,1000,1000,1000,1000,1000,1000,1000,1000,1000,1000,1000,1000,1000,0,0,0,0,0,0,0,0,0,0,0,0,0,0,0,1681470826
3985137,3982086,3974761,3998870,3600000,3600000,3600000,3600000,3600000,3600000,3600000,3973541,3984985,3987884,512,770,778,776,773,180,180,180,180,180,180,180,774,780,780,1000,1000,1000,1000,1000,1000,1000,1000,1000,1000,1000,1000,1000,1000,0,0,0,0,0,0,0,0,0,0,0,0,0,0,0,1681470827
3984527,3981323,3974761,3998718,3600000,3600000,3600000,3600000,3600000,3600000,3600000,3973999,3983917,3987426,512,770,778,776,773,180,180,180,180,180,180,180,774,780,780,1000,1000,1000,1000,1000,1000,1000,1000,1000,1000,1000,1000,1000,1000,0,0,0,0,0,0,0,0,0,0,0,0,0,0,0,1681470828
3984069,3981475,3974761,3998413,3600000,3600000,3600000,3600000,3600000,3600000,3600000,3974151,3984069,3987426,516,770,778,776,773,180,180,180,180,180,180,180,774,780,780,1000,1000,1000,1000,1000,1000,1000,1000,1000,1000,1000,1000,1000,1000,0,0,0,0,0,0,0,0,0,0,0,0,0,0,0,1681470829
3984680,3981170,3974304,3998718,3600000,3600000,3600000,3600000,3600000,3600000,3600000,3973693,3984222,3987426,514,770,778,776,773,180,180,180,180,180,180,180,774,780,780,1000,1000,1000,1000,1000,1000,1000,1000,1000,1000,1000,1000,1000,1000,0,0,0,0,0,0,0,0,0,0,0,0,0,0,0,1681470830
3984375,3981170,3974456,3998260,3600000,3600000,3600000,3600000,3600000,3600000,3600000,3973388,3984222,3987884,516,769,777,775,772,179,179,179,179,179,179,179,773,779,779,1000,1000,1000,1000,1000,1000,1000,1000,1000,1000,1000,1000,1000,1000,0,0,0,0,0,0,0,0,0,0,0,0,0,0,0,1681470831
3984680,3981628,3974609,3998565,3600000,3600000,3600000,3600000,3600000,3600000,3600000,3973999,3984832,3988494,511,769,777,775,772,179,179,179,179,179,179,179,773,779,779,1000,1000,1000,1000,1000,1000,1000,1000,1000,1000,1000,1000,1000,1000,0,0,0,0,0,0,0,0,0,0,0,0,0,0,0,1681470832
3984985,3981323,3974914,3999023,3600000,3600000,3600000,3600000,3600000,3600000,3600000,3973541,3984527,3988189,513,769,777,775,772,179,179,179,179,179,179,179,773,779,779,1000,1000,1000,1000,1000,1000,1000,1000,1000,1000,1000,1000,1000,1000,0,0,0,0,0,0,0,0,0,0,0,0,0,0,0,1681470833
3984375,3980712,3974304,3998870,3600000,3600000,3600000,3600000,3600000,3600000,3600000,3972625,3984680,3987731,515,769,777,775,772,179,179,179,179,179,179,179,773,779,779,1000,1000,1000,1000,1000,1000,1000,1000,1000,1000,1000,1000,1000,1000,0,0,0,0,0,0,0,0,0,0,0,0,0,0,0,1681470834
3984222,3980865,3973846,3998565,3600000,3600000,3600000,3600000,3600000,3600000,3600000,3973846,3984680,3987731,515,769,777,775,772,179,179,179,179,179,179,179,773,779,779,1000,1000,1000,1000,1000,1000,1000,1000,1000,1000,1000,1000,1000,1000,0,0,0,0,0,0,0,0,0,0,0,0,0,0,0,1681470835
3983917,3980712,3973999,3998413,3600000,3600000,3600000,3600000,3600000,3600000,3600000,3973236,3984832,3987731,515,769,777,775,772,179,179,179,179,179,179,179,773,779,779,1000,1000,1000,1000,1000,1000,1000,1000,1000,1000,1000,1000,1000,1000,0,0,0,0,0,0,0,0,0,0,0,0,0,0,0,1681470836
3984375,3981323,3974609,3998260,3600000,3600000,3600000,3600000,3600000,3600000,3600000,3973236,3984527,3987884,513,769,777,775,772,179,179,179,179,179,179,179,773,779,779,1000,1000,1000,1000,1000,1000,1000,1000,1000,1000,1000,1000,1000,1000,0,0,0,0,0,0,0,0,0,0,0,0,0,0,0,1681470837
3984985,3981475,3974456,3998565,3600000,3600000,3600000,3600000,3600000,3600000,3600000,3973541,3984832,3987731,511,769,777,775,772,179,179,179,179,179,179,179,773,779,779,1000,1000,1000,1000,1000,1000,1000,1000,1000,1000,1000,1000,1000,1000,0,0,0,0,0,0,0,0,0,0,0,0,0,0,0,1681470838
3983764,3980407,3974609,3998107,3600000,3600000,3600000,3600000,3600000,3600000,3600000,3973541,3983917,3987121,514,769,777,775,772,179,179,179,179,179,179,179,773,779,779,1000,1000,1000,1000,1000,1000,1000,1000,1000,1000,1000,1000,1000,1000,0,0,0,0,0,0,0,0,0,0,0,0,0,0,0,1681470839
3984527,3981170,3974151,3998718,3600000,3600000,3600000,3600000,3600000,3600000,3600000,3973083,3984985,3988037,514,769,777,775,772,179,179,179,179,179,179,179,773,779,779,1000,1000,1000,1000,1000,1000,1000,1000,1000,1000,1000,1000,1000,1000,0,0,0,0,0,0,0,0,0,0,0,0,0,0,0,1681470840
3984832,3981323,3974151,3998565,3600000,3600000,3600000,3600000,3600000,3600000,3600000,3973846,3984832,3987579,510,769,777,775,772,179,179,179,179,179,179,179,773,779,779,1000,1000,1000,1000,1000,1000,1000,1000,1000,1000,1000,1000,1000,1000,0,0,0,0,0,0,0,0,0,0,0,0,0,0,0,1681470841
3983917,3981628,3973999,3997802,3600000,3600000,3600000,3600000,3600000,3600000,3600000,3973083,3984680,3987731,515,769,777,775,772,179,179,179,179,179,179,179,773,779,779,1000,1000,1000,1000,1000,1000,1000,1000,1000,1000,1000,1000,1000,1000,0,0,0,0,0,0,0,0,0,0,0,0,0,0,0,1681470842
3984069,3981018,3974456,3998565,3600000,3600000,3600000,3600000,3600000,3600000,3600000,3972625,3984375,3987579,515,769,777,775,772,179,179,179,179,179,179,179,773,779,779,1000,1000,1000,1000,1000,1000,1000,1000,1000,1000,1000,1000,1000,1000,0,0,0,0,0,0,0,0,0,0,0,0,0,0,0,1681470843
3984985,3981170,3974761,3997802,3600000,3600000,3600000,3600000,3600000,3600000,3600000,3973388,3984832,3987884,510,769,777,775,772,179,179,179,179,179,179,179,773,779,779,1000,1000,1000,1000,1000,1000,1000,1000,1000,1000,1000,1000,1000,1000,0,0,0,0,0,0,0,0,0,0,0,0,0,0,0,1681470844
3984069,3980865,3974151,3998107,3600000,3600000,3600000,3600000,3600000,3600000,3600000,3973388,3984375,3988037,511,769,777,775,772,179,179,179,179,179,179,179,773,779,779,1000,1000,1000,1000,1000,1000,1000,1000,1000,1000,1000,1000,1000,1000,0,0,0,0,0,0,0,0,0,0,0,0,0,0,0,1681470845
3984222,3980560,3974151,3998413,3600000,3600000,3600000,3600000,3600000,3600000,3600000,3973236,3984069,3987884,513,769,777,775,772,179,179,179,179,179,179,179,773,779,779,1000,1000,1000,1000,1000,1000,1000,1000,1000,1000,1000,1000,1000,1000,0,0,0,0,0,0,0,0,0,0,0,0,0,0,0,1681470846
3984680,3981018,3974456,3998260,3600000,3600000,3600000,3600000,3600000,3600000,3600000,3973846,3984375,3987731,511,769,777,775,772,179,179,179,179,179,179,179,773,779,779,1000,1000,1000,1000,1000,1000,1000,1000,1000,1000,1000,1000,1000,1000,0,0,0,0,0,0,0,0,0,0,0,0,0,0,0,1681470847
3983764,3981018,3973693,3998107,3600000,3600000,3600000,3600000,3600000,3600000,3600000,3972778,3984527,3987884,513,769,777,775,772,179,179,179,179,179,179,179,773,779,779,1000,1000,1000,1000,1000,1000,1000,1000,1000,1000,1000,1000,1000,1000,0,0,0,0,0,0,0,0,0,0,0,0,0,0,0,1681470848
3983612,3981018,3973999,3997955,3600000,3600000,3600000,3600000,3600000,3600000,3600000,3972625,3984069,3987121,513,769,777,775,772,179,179,179,179,179,179,179,773,779,779,1000,1000,1000,1000,1000,1000,1000,1000,1000,1000,1000,1000,1000,1000,0,0,0,0,0,0,0,0,0,0,0,0,0,0,0,1681470849
3984069,3980712,3974609,3998718,3600000,3600000,3600000,3600000,3600000,3600000,3600000,3972473,3984222,3987579,513,769,777,775,772,179,179,179,179,179,179,179,773,779,779,1000,1000,1000,1000,1000,1000,1000,1000,1000,1000,1000,1000,1000,1000,0,0,0,0,0,0,0,0,0,0,0,0,0,0,0,1681470850
3983917,3980255,3973541,3998107,3600000,3600000,3600000,3600000,3600000,3600000,3600000,3972320,3983764,3986663,515,768,776,774,771,178,178,178,178,178,178,178,772,778,778,1000,1000,1000,1000,1000,1000,1000,1000,1000,1000,1000,1000,1000,1000,0,0,0,0,0,0,0,0,0,0,0,0,0,0,0,1681470851
3984069,3981628,3973999,3998413,3600000,3600000,3600000,3600000,3600000,3600000,3600000,3973693,3984375,3987731,511,768,776,774,771,178,178,178,178,178,178,178,772,778,778,1000,1000,1000,1000,1000,1000,1000,1000,1000,1000,1000,1000,1000,1000,0,0,0,0,0,0,0,0,0,0,0,0,0,0,0,1681470852
3983612,3980560,3974456,3998565,3600000,3600000,3600000,3600000,3600000,3600000,3600000,3972473,3983917,3986968,513,768,776,774,771,178,178,178,178,178,178,178,772,778,778,1000,1000,1000,1000,1000,1000,1000,1000,1000,1000,1000,1000,1000,1000,0,0,0,0,0,0,0,0,0,0,0,0,0,0,0,1681470853
3984527,3980865,3974304,3998107,3600000,3600000,3600000,3600000,3600000,3600000,3600000,3973236,3984069,3987426,511,768,776,774,771,178,178,178,178,178,178,178,772,778,778,1000,1000,1000,1000,1000,1000,1000,1000,1000,1000,1000,1000,1000,1000,0,0,0,0,0,0,0,0,0,0,0,0,0,0,0,1681470854
3984069,3981323,3973846,3998107,3600000,3600000,3600000,3600000,3600000,3600000,3600000,3972930,3983764,3987274,512,768,776,774,771,178,178,178,178,178,178,178,772,778,778,1000,1000,1000,1000,1000,1000,1000,1000,1000,1000,1000,1000,1000,1000,0,0,0,0,0,0,0,0,0,0,0,0,0,0,0,1681470855
3983154,3980255,3973541,3997802,3600000,3600000,3600000,3600000,3600000,3600000,3600000,3973388,3983764,3986663,513,768,776,774,771,178,178,178,178,178,178,178,772,778,778,1000,1000,1000,1000,1000,1000,1000,1000,1000,1000,1000,1000,1000,1000,0,0,0,0,0,0,0,0,0,0,0,0,0,0,0,1681470856
3983612,3980102,3973388,3997802,3600000,3600000,3600000,3600000,3600000,3600000,3600000,3972167,3983612,3986816,514,768,776,774,771,178,178,178,178,178,178,178,772,778,778,1000,1000,1000,1000,1000,1000,1000,1000,1000,1000,1000,1000,1000,1000,0,0,0,0,0,0,0,0,0,0,0,0,0,0,0,1681470857
3983459,3980255,3973693,3997955,3600000,3600000,3600000,3600000,3600000,3600000,3600000,3972778,3983154,3986511,514,768,776,774,771,178,178,178,178,178,178,178,772,778,778,1000,1000,1000,1000,1000,1000,1000,1000,1000,1000,1000,1000,1000,1000,0,0,0,0,0,0,0,0,0,0,0,0,0,0,0,1681470858
3983306,3980407,3973846,3997802,3600000,3600000,3600000,3600000,3600000,3600000,3600000,3972015,3983612,3986968,515,768,776,774,771,178,178,178,178,178,178,178,772,778,778,1000,1000,1000,1000,1000,1000,1000,1000,1000,1000,1000,1000,1000,1000,0,0,0,0,0,0,0,0,0,0,0,0,0,0,0,1681470859
3983154,3980102,3972930,3997497,3600000,3600000,3600000,3600000,3600000,3600000,3600000,3972625,3982849,3986968,516,768,776,774,771,178,178,178,178,178,178,178,772,778,778,1000,1000,1000,1000,1000,1000,1000,1000,1000,1000,1000,1000,1000,1000,0,0,0,0,0,0,0,0,0,0,0,0,0,0,0,1681470860
3983917,3981170,3973388,3997039,3600000,3600000,3600000,3600000,3600000,3600000,3600000,3972473,3983917,3987121,515,768,776,774,771,178,178,178,178,178,178,178,772,778,778,1000,1000,1000,1000,1000,1000,1000,1000,1000,1000,1000,1000,1000,1000,0,0,0,0,0,0,0,0,0,0,0,0,0,0,0,1681470861
3983764,3980712,3973693,3997497,3600000,3600000,3600000,3600000,3600000,3600000,3600000,3972930,3983459,3987121,512,768,776,774,771,178,178,178,178,178,178,178,772,778,778,1000,1000,1000,1000,1000,1000,1000,1000,1000,1000,1000,1000,1000,1000,0,0,0,0,0,0,0,0,0,0,0,0,0,0,0,1681470862
3984069,3980712,3974304,3998565,3600000,3600000,3600000,3600000,3600000,3600000,3600000,3972778,3983612,3986663,512,768,776,774,771,178,178,178,178,178,178,178,772,778,778,1000,1000,1000,1000,1000,1000,1000,1000,1000,1000,1000,1000,1000,1000,0,0,0,0,0,0,0,0,0,0,0,0,0,0,0,1681470863
3983612,3980255,3973846,3997650,3600000,3600000,3600000,3600000,3600000,3600000,3600000,3972320,3983459,3986511,514,768,776,774,771,178,178,178,178,178,178,178,772,778,778,1000,1000,1000,1000,1000,1000,1000,1000,1000,1000,1000,1000,1000,1000,0,0,0,0,0,0,0,0,0,0,0,0,0,0,0,1681470864
3983154,3980712,3973693,3997802,3600000,3600000,3600000,3600000,3600000,3600000,3600000,3972320,3983459,3986358,515,768,776,774,771,178,178,178,178,178,178,178,772,778,778,1000,1000,1000,1000,1000,1000,1000,1000,1000,1000,1000,1000,1000,1000,0,0,0,0,0,0,0,0,0,0,0,0,0,0,0,1681470865
3983001,3979644,3973541,3997497,3600000,3600000,3600000,3600000,3600000,3600000,3600000,3973236,3984069,3986511,514,768,776,774,771,178,178,178,178,178,178,178,772,778,778,1000,1000,1000,1000,1000,1000,1000,1000,1000,1000,1000,1000,1000,1000,0,0,0,0,0,0,0,0,0,0,0,0,0,0,0,1681470866
3983001,3979949,3972930,3997497,3600000,3600000,3600000,3600000,3600000,3600000,3600000,3971710,3983306,3986663,514,768,776,774,771,178,178,178,178,178,178,178,772,778,778,1000,1000,1000,1000,1000,1000,1000,1000,1000,1000,1000,1000,1000,1000,0,0,0,0,0,0,0,0,0,0,0,0,0,0,0,1681470867
3983001,3979797,3974151,3997955,3600000,3600000,3600000,3600000,3600000,3600000,3600000,3972473,3983001,3986663,514,768,776,774,771,178,178,178,178,178,178,178,772,778,778,1000,1000,1000,1000,1000,1000,1000,1000,1000,1000,1000,1000,1000,1000,0,0,0,0,0,0,0,0,0,0,0,0,0,0,0,1681470868
3982849,3979949,3972930,3997344,3600000,3600000,3600000,3600000,3600000,3600000,3600000,3971405,3983306,3986511,516,768,776,774,771,178,178,178,178,178,178,178,772,778,778,1000,1000,1000,1000,1000,1000,1000,1000,1000,1000,1000,1000,1000,1000,0,0,0,0,0,0,0,0,0,0,0,0,0,0,0,1681470869
3983001,3979492,3973388,3997955,3600000,3600000,3600000,3600000,3600000,3600000,3600000,3972167,3983612,3986206,514,768,776,774,771,178,178,178,178,178,178,178,772,778,778,1000,1000,1000,1000,1000,1000,1000,1000,1000,1000,1000,1000,1000,1000,0,0,0,0,0,0,0,0,0,0,0,0,0,0,0,1681470870
3982696,3979644,3973388,3997344,3600000,3600000,3600000,3600000,3600000,3600000,3600000,3973083,3983154,3986816,511,767,775,773,770,177,177,177,177,177,177,177,771,777,777,1000,1000,1000,1000,1000,1000,1000,1000,1000,1000,1000,1000,1000,1000,0,0,0,0,0,0,0,0,0,0,0,0,0,0,0,1681470871
3983306,3979949,3973236,3997039,3600000,3600000,3600000,3600000,3600000,3600000,3600000,3971405,3983917,3986968,514,767,775,773,770,177,177,177,177,177,177,177,771,777,777,1000,1000,1000,1000,1000,1000,1000,1000,1000,1000,1000,1000,1000,1000,0,0,0,0,0,0,0,0,0,0,0,0,0,0,0,1681470872
3983306,3979492,3973541,3997802,3600000,3600000,3600000,3600000,3600000,3600000,3600000,3972167,3982849,3985900,513,767,775,773,770,177,177,177,177,177,177,177,771,777,777,1000,1000,1000,1000,1000,1000,1000,1000,1000,1000,1000,1000,1000,1000,0,0,0,0,0,0,0,0,0,0,0,0,0,0,0,1681470873
3983306,3979797,3972930,3996734,3600000,3600000,3600000,3600000,3600000,3600000,3600000,3972015,3982543,3986358,515,767,775,773,770,177,177,177,177,177,177,177,771,777,777,1000,1000,1000,1000,1000,1000,1000,1000,1000,1000,1000,1000,1000,1000,0,0,0,0,0,0,0,0,0,0,0,0,0,0,0,1681470874
3982849,3979644,3973083,3997344,3600000,3600000,3600000,3600000,3600000,3600000,3600000,3971405,3982849,3985900,516,767,775,773,770,177,177,177,177,177,177,177,771,777,777,1000,1000,1000,1000,1000,1000,1000,1000,1000,1000,1000,1000,1000,1000,0,0,0,0,0,0,0,0,0,0,0,0,0,0,0,1681470875
3982696,3978729,3973388,3997039,3600000,3600000,3600000,3600000,3600000,3600000,3600000,3971862,3982086,3985443,517,767,775,773,770,177,177,177,177,177,177,177,771,777,777,1000,1000,1000,1000,1000,1000,1000,1000,1000,1000,1000,1000,1000,1000,0,0,0,0,0,0,0,0,0,0,0,0,0,0,0,1681470876
3983001,3979492,3972473,3996734,3600000,3600000,3600000,3600000,3600000,3600000,3600000,3971557,3983306,3986206,516,767,775,773,770,177,177,177,177,177,177,177,771,777,777,1000,1000,1000,1000,1000,1000,1000,1000,1000,1000,1000,1000,1000,1000,0,0,0,0,0,0,0,0,0,0,0,0,0,0,0,1681470877
3982086,3979492,3972778,3997497,3600000,3600000,3600000,3600000,3600000,3600000,3600000,3971099,3982543,3985595,515,767,775,773,770,177,177,177,177,177,177,177,771,777,777,1000,1000,1000,1000,1000,1000,1000,1000,1000,1000,1000,1000,1000,1000,0,0,0,0,0,0,0,0,0,0,0,0,0,0,0,1681470878
3982543,3979492,3972320,3996887,3600000,3600000,3600000,3600000,3600000,3600000,3600000,3971862,3982696,3985900,517,767,775,773,770,177,177,177,177,177,177,177,771,777,777,1000,1000,1000,1000,1000,1000,1000,1000,1000,1000,1000,1000,1000,1000,0,0,0,0,0,0,0,0,0,0,0,0,0,0,0,1681470879
3981781,3979339,3972320,3996734,3600000,3600000,3600000,3600000,3600000,3600000,3600000,3971557,3982086,3985443,518,767,775,773,770,177,177,177,177,177,177,177,771,777,777,1000,1000,1000,1000,1000,1000,1000,1000,1000,1000,1000,1000,1000,1000,0,0,0,0,0,0,0,0,0,0,0,0,0,0,0,1681470880
3983154,3979644,3972930,3996429,3600000,3600000,3600000,3600000,3600000,3600000,3600000,3972015,3983001,3985748,514,767,775,773,770,177,177,177,177,177,177,177,771,777,777,1000,1000,1000,1000,1000,1000,1000,1000,1000,1000,1000,1000,1000,1000,0,0,0,0,0,0,0,0,0,0,0,0,0,0,0,1681470881
3983306,3979949,3973541,3997497,3600000,3600000,3600000,3600000,3600000,3600000,3600000,3971710,3983154,3986663,511,767,775,773,770,177,177,177,177,177,177,177,771,777,777,1000,1000,1000,1000,1000,1000,1000,1000,1000,1000,1000,1000,1000,1000,0,0,0,0,0,0,0,0,0,0,0,0,0,0,0,1681470882
3982391,3979187,3973083,3996734,3600000,3600000,3600000,3600000,3600000,3600000,3600000,3971405,3982849,3986053,515,767,775,773,770,177,177,177,177,177,177,177,771,777,777,1000,1000,1000,1000,1000,1000,1000,1000,1000,1000,1000,1000,1000,1000,0,0,0,0,0,0,0,0,0,0,0,0,0,0,0,1681470883
3982391,3979187,3972930,3997192,3600000,3600000,3600000,3600000,3600000,3600000,3600000,3971710,3982696,3985290,514,767,775,773,770,177,177,177,177,177,177,177,771,777,777,1000,1000,1000,1000,1000,1000,1000,1000,1000,1000,1000,1000,1000,1000,0,0,0,0,0,0,0,0,0,0,0,0,0,0,0,1681470884
3982849,3979644,3972930,3996582,3600000,3600000,3600000,3600000,3600000,3600000,3600000,3971405,3983154,3985900,512,767,775,773,770,177,177,177,177,177,177,177,771,777,777,1000,1000,1000,1000,1000,1000,1000,1000,1000,1000,1000,1000,1000,1000,0,0,0,0,0,0,0,0,0,0,0,0,0,0,0,1681470885
3982238,3978881,3972473,3996582,3600000,3600000,3600000,3600000,3600000,3600000,3600000,3971252,3982238,3985900,514,767,775,773,770,177,177,177,177,177,177,177,771,777,777,1000,1000,1000,1000,1000,1000,1000,1000,1000,1000,1000,1000,1000,1000,0,0,0,0,0,0,0,0,0,0,0,0,0,0,0,1681470886
3982696,3980102,3972930,3997192,3600000,3600000,3600000,3600000,3600000,3600000,3600000,3971557,3983154,3986358,511,767,775,773,770,177,177,177,177,177,177,177,771,777,777,1000,1000,1000,1000,1000,1000,1000,1000,1000,1000,1000,1000,1000,1000,0,0,0,0,0,0,0,0,0,0,0,0,0,0,0,1681470887
3982696,3979797,3973388,3996887,3600000,3600000,3600000,3600000,3600000,3600000,3600000,3971557,3982849,3985595,514,767,775,773,770,177,177,177,177,177,177,177,771,777,777,1000,1000,1000,1000,1000,1000,1000,1000,1000,1000,1000,1000,1000,1000,0,0,0,0,0,0,0,0,0,0,0,0,0,0,0,1681470888
3981933,3978729,3972778,3996734,3600000,3600000,3600000,3600000,3600000,3600000,3600000,3971252,3983001,3986511,514,767,775,773,770,177,177,177,177,177,177,177,771,777,777,1000,1000,1000,1000,1000,1000,1000,1000,1000,1000,1000,1000,1000,1000,0,0,0,0,0,0,0,0,0,0,0,0,0,0,0,1681470889
3981628,3978424,3972167,3996276,3600000,3600000,3600000,3600000,3600000,3600000,3600000,3971405,3982238,3985748,517,767,775,773,770,177,177,177,177,177,177,177,771,777,777,1000,1000,1000,1000,1000,1000,1000,1000,1000,1000,1000,1000,1000,1000,0,0,0,0,0,0,0,0,0,0,0,0,0,0,0,1681470890
3982086,3978881,3972320,3996582,3600000,3600000,3600000,3600000,3600000,3600000,3600000,3971099,3982238,3985748,515,766,774,772,769,176,176,176,176,176,176,176,770,776,776,1000,1000,1000,1000,1000,1000,1000,1000,1000,1000,1000,1000,1000,1000,0,0,0,0,0,0,0,0,0,0,0,0,0,0,0,1681470891
3982238,3978729,3972015,3996276,3600000,3600000,3600000,3600000,3600000,3600000,3600000,3971405,3982238,3985443,515,766,774,772,769,176,176,176,176,176,176,176,770,776,776,1000,1000,1000,1000,1000,1000,1000,1000,1000,1000,1000,1000,1000,1000,0,0,0,0,0,0,0,0,0,0,0,0,0,0,0,1681470892
3982696,3979339,3972930,3997039,3600000,3600000,3600000,3600000,3600000,3600000,3600000,3971252,3982543,3986206,511,766,774,772,769,176,176,176,176,176,176,176,770,776,776,1000,1000,1000,1000,1000,1000,1000,1000,1000,1000,1000,1000,1000,1000,0,0,0,0,0,0,0,0,0,0,0,0,0,0,0,1681470893
3982696,3979339,3973388,3996887,3600000,3600000,3600000,3600000,3600000,3600000,3600000,3971710,3982391,3985595,513,766,774,772,769,176,176,176,176,176,176,176,770,776,776,1000,1000,1000,1000,1000,1000,1000,1000,1000,1000,1000,1000,1000,1000,0,0,0,0,0,0,0,0,0,0,0,0,0,0,0,1681470894
3981628,3978881,3972167,3996124,3600000,3600000,3600000,3600000,3600000,3600000,3600000,3970947,3982543,3986053,518,766,774,772,769,176,176,176,176,176,176,176,770,776,776,1000,1000,1000,1000,1000,1000,1000,1000,1000,1000,1000,1000,1000,1000,0,0,0,0,0,0,0,0,0,0,0,0,0,0,0,1681470895
3982086,3978271,3972625,3996429,3600000,3600000,3600000,3600000,3600000,3600000,3600000,3970794,3982238,3986206,516,766,774,772,769,176,176,176,176,176,176,176,770,776,776,1000,1000,1000,1000,1000,1000,1000,1000,1000,1000,1000,1000,1000,1000,0,0,0,0,0,0,0,0,0,0,0,0,0,0,0,1681470896
3981933,3978729,3972167,3995971,3600000,3600000,3600000,3600000,3600000,3600000,3600000,3970489,3982849,3986206,518,766,774,772,769,176,176,176,176,176,176,176,770,776,776,1000,1000,1000,1000,1000,1000,1000,1000,1000,1000,1000,1000,1000,1000,0,0,0,0,0,0,0,0,0,0,0,0,0,0,0,1681470897
3982543,3978881,3972320,3996887,3600000,3600000,3600000,3600000,3600000,3600000,3600000,3971405,3981933,3985595,515,766,774,772,769,176,176,176,176,176,176,176,770,776,776,1000,1000,1000,1000,1000,1000,1000,1000,1000,1000,1000,1000,1000,1000,0,0,0,0,0,0,0,0,0,0,0,0,0,0,0,1681470898
3981323,3978576,3971252,3995666,3600000,3600000,3600000,3600000,3600000,3600000,3600000,3969726,3981475,3985137,519,766,774,772,769,176,176,176,176,176,176,176,770,776,776,1000,1000,1000,1000,1000,1000,1000,1000,1000,1000,1000,1000,1000,1000,0,0,0,0,0,0,0,0,0,0,0,0,0,0,0,1681470899
3981628,3978881,3972167,3995971,3600000,3600000,3600000,3600000,3600000,3600000,3600000,3971252,3981628,3985595,514,766,774,772,769,176,176,176,176,176,176,176,770,776,776,1000,1000,1000,1000,1000,1000,1000,1000,1000,1000,1000,1000,1000,1000,0,0,0,0,0,0,0,0,0,0,0,0,0,0,0,1681470900
3981781,3979339,3972473,3996429,3600000,3600000,3600000,3600000,3600000,3600000,3600000,3970642,3982391,3985900,513,766,774,772,769,176,176,176,176,176,176,176,770,776,776,1000,1000,1000,1000,1000,1000,1000,1000,1000,1000,1000,1000,1000,1000,0,0,0,0,0,0,0,0,0,0,0,0,0,0,0,1681470901
3981628,3978424,3972167,3996124,3600000,3600000,3600000,3600000,3600000,3600000,3600000,3970642,3982086,3985443,512,766,774,772,769,176,176,176,176,176,176,176,770,776,776,1000,1000,1000,1000,1000,1000,1000,1000,1000,1000,1000,1000,1000,1000,0,0,0,0,0,0,0,0,0,0,0,0,0,0,0,1681470902
3982391,3979339,3972320,3996124,3600000,3600000,3600000,3600000,3600000,3600000,3600000,3970642,3982086,3985137,511,766,774,772,769,176,176,176,176,176,176,176,770,776,776,1000,1000,1000,1000,1000,1000,1000,1000,1000,1000,1000,1000,1000,1000,0,0,0,0,0,0,0,0,0,0,0,0,0,0,0,1681470903
3982086,3978576,3972167,3995819,3600000,3600000,3600000,3600000,3600000,3600000,3600000,3970642,3981628,3985137,516,766,774,772,769,176,176,176,176,176,176,176,770,776,776,1000,1000,1000,1000,1000,1000,1000,1000,1000,1000,1000,1000,1000,1000,0,0,0,0,0,0,0,0,0,0,0,0,0,0,0,1681470904
3982086,3978576,3972015,3995971,3600000,3600000,3600000,3600000,3600000,3600000,3600000,3970336,3981628,3985290,515,766,774,772,769,176,176,176,176,176,176,176,770,776,776,1000,1000,1000,1000,1000,1000,1000,1000,1000,1000,1000,1000,1000,1000,0,0,0,0,0,0,0,0,0,0,0,0,0,0,0,1681470905
3981323,3977966,3971710,3996124,3600000,3600000,3600000,3600000,3600000,3600000,3600000,3970184,3981628,3984985,516,766,774,772,769,176,176,176,176,176,176,176,770,776,776,1000,1000,1000,1000,1000,1000,1000,1000,1000,1000,1000,1000,1000,1000,0,0,0,0,0,0,0,0,0,0,0,0,0,0,0,1681470906
3981781,3978118,3971710,3995819,3600000,3600000,3600000,3600000,3600000,3600000,3600000,3970489,3981781,3985290,514,766,774,772,769,176,176,176,176,176,176,176,770,776,776,1000,1000,1000,1000,1000,1000,1000,1000,1000,1000,1000,1000,1000,1000,0,0,0,0,0,0,0,0,0,0,0,0,0,0,0,1681470907
3981475,3978424,3971862,3995971,3600000,3600000,3600000,3600000,3600000,3600000,3600000,3970031,3981475,3985137,516,766,774,772,769,176,176,176,176,176,176,176,770,776,776,1000,1000,1000,1000,1000,1000,1000,1000,1000,1000,1000,1000,1000,1000,0,0,0,0,0,0,0,0,0,0,0,0,0,0,0,1681470908
3982391,3978271,3971557,3996429,3600000,3600000,3600000,3600000,3600000,3600000,3600000,3970184,3981628,3985137,513,766,774,772,769,176,176,176,176,176,176,176,770,776,776,1000,1000,1000,1000,1000,1000,1000,1000,1000,1000,1000,1000,1000,1000,0,0,0,0,0,0,0,0,0,0,0,0,0,0,0,1681470909
3981018,3978424,3971405,3995513,3600000,3600000,3600000,3600000,3600000,3600000,3600000,3970794,3981781,3985443,517,766,774,772,769,176,176,176,176,176,176,176,770,776,776,1000,1000,1000,1000,1000,1000,1000,1000,1000,1000,1000,1000,1000,1000,0,0,0,0,0,0,0,0,0,0,0,0,0,0,0,1681470910
3981475,3978118,3971557,3995361,3600000,3600000,3600000,3600000,3600000,3600000,3600000,3970184,3981475,3984375,518,765,773,771,768,175,175,175,175,175,175,175,769,775,775,1000,1000,1000,1000,1000,1000,1000,1000,1000,1000,1000,1000,1000,1000,0,0,0,0,0,0,0,0,0,0,0,0,0,0,0,1681470911
3981781,3978881,3971862,3995819,3600000,3600000,3600000,3600000,3600000,3600000,3600000,3970336,3981628,3985137,513,765,773,771,768,175,175,175,175,175,175,175,769,775,775,1000,1000,1000,1000,1000,1000,1000,1000,1000,1000,1000,1000,1000,1000,0,0,0,0,0,0,0,0,0,0,0,0,0,0,0,1681470912
3981781,3978576,3971862,3995819,3600000,3600000,3600000,3600000,3600000,3600000,3600000,3970642,3982086,3985595,513,765,773,771,768,175,175,175,175,175,175,175,769,775,775,1000,1000,1000,1000,1000,1000,1000,1000,1000,1000,1000,1000,1000,1000,0,0,0,0,0,0,0,0,0,0,0,0,0,0,0,1681470913
3982086,3978729,3971405,3995819,3600000,3600000,3600000,3600000,3600000,3600000,3600000,3970642,3981781,3984985,512,765,773,771,768,175,175,175,175,175,175,175,769,775,775,1000,1000,1000,1000,1000,1000,1000,1000,1000,1000,1000,1000,1000,1000,0,0,0,0,0,0,0,0,0,0,0,0,0,0,0,1681470914
3981628,3978424,3971405,3995819,3600000,3600000,3600000,3600000,3600000,3600000,3600000,3970642,3981628,3984680,515,765,773,771,768,175,175,175,175,175,175,175,769,775,775,1000,1000,1000,1000,1000,1000,1000,1000,1000,1000,1000,1000,1000,1000,0,0,0,0,0,0,0,0,0,0,0,0,0,0,0,1681470915
3981933,3978729,3972473,3995819,3600000,3600000,3600000,3600000,3600000,3600000,3600000,3970184,3981781,3985595,511,765,773,771,768,175,175,175,175,175,175,175,769,775,775,1000,1000,1000,1000,1000,1000,1000,1000,1000,1000,1000,1000,1000,1000,0,0,0,0,0,0,0,0,0,0,0,0,0,0,0,1681470916
3981628,3978881,3971252,3995361,3600000,3600000,3600000,3600000,3600000,3600000,3600000,3970184,3981475,3984832,513,765,773,771,768,175,175,175,175,175,175,175,769,775,775,1000,1000,1000,1000,1000,1000,1000,1000,1000,1000,1000,1000,1000,1000,0,0,0,0,0,0,0,0,0,0,0,0,0,0,0,1681470917
3981018,3977813,3971099,3995971,3600000,3600000,3600000,3600000,3600000,3600000,3600000,3969421,3981018,3984985,516,765,773,771,768,175,175,175,175,175,175,175,769,775,775,1000,1000,1000,1000,1000,1000,1000,1000,1000,1000,1000,1000,1000,1000,0,0,0,0,0,0,0,0,0,0,0,0,0,0,0,1681470918
3981170,3977966,3970947,3995056,3600000,3600000,3600000,3600000,3600000,3600000,3600000,3969573,3981475,3984832,514,765,773,771,768,175,175,175,175,175,175,175,769,775,775,1000,1000,1000,1000,1000,1000,1000,1000,1000,1000,1000,1000,1000,1000,0,0,0,0,0,0,0,0,0,0,0,0,0,0,0,1681470919
3981323,3978424,3971862,3995971,3600000,3600000,3600000,3600000,3600000,3600000,3600000,3970489,3981475,3985137,512,765,773,771,768,175,175,175,175,175,175,175,769,775,775,1000,1000,1000,1000,1000,1000,1000,1000,1000,1000,1000,1000,1000,1000,0,0,0,0,0,0,0,0,0,0,0,0,0,0,0,1681470920
3980712,3977813,3971405,3995819,3600000,3600000,3600000,3600000,3600000,3600000,3600000,3969879,3981018,3984375,516,765,773,771,768,175,175,175,175,175,175,175,769,775,775,1000,1000,1000,1000,1000,1000,1000,1000,1000,1000,1000,1000,1000,1000,0,0,0,0,0,0,0,0,0,0,0,0,0,0,0,1681470921
3981781,3978576,3971405,3996124,3600000,3600000,3600000,3600000,3600000,3600000,3600000,3970184,3981323,3984680,515,765,773,771,768,175,175,175,175,175,175,175,769,775,775,1000,1000,1000,1000,1000,1000,1000,1000,1000,1000,1000,1000,1000,1000,0,0,0,0,0,0,0,0,0,0,0,0,0,0,0,1681470922
3981170,3977966,3971557,3995513,3600000,3600000,3600000,3600000,3600000,3600000,3600000,3970031,3981475,3983917,515,765,773,771,768,175,175,175,175,175,175,175,769,775,775,1000,1000,1000,1000,1000,1000,1000,1000,1000,1000,1000,1000,1000,1000,0,0,0,0,0,0,0,0,0,0,0,0,0,0,0,1681470923
3980712,3978271,3970947,3994445,3600000,3600000,3600000,3600000,3600000,3600000,3600000,3969573,3981323,3984680,515,765,773,771,768,175,175,175,175,175,175,175,769,775,775,1000,1000,1000,1000,1000,1000,1000,1000,1000,1000,1000,1000,1000,1000,0,0,0,0,0,0,0,0,0,0,0,0,0,0,0,1681470924
3981170,3977966,3970489,3994903,3600000,3600000,3600000,3600000,3600000,3600000,3600000,3970336,3980865,3984222,514,765,773,771,768,175,175,175,175,175,175,175,769,775,775,1000,1000,1000,1000,1000,1000,1000,1000,1000,1000,1000,1000,1000,1000,0,0,0,0,0,0,0,0,0,0,0,0,0,0,0,1681470925
3981170,3977661,3971099,3995513,3600000,3600000,3600000,3600000,3600000,3600000,3600000,3969726,3980865,3984222,513,765,773,771,768,175,175,175,175,175,175,175,769,775,775,1000,1000,1000,1000,1000,1000,1000,1000,1000,1000,1000,1000,1000,1000,0,0,0,0,0,0,0,0,0,0,0,0,0,0,0,1681470926
3981323,3978424,3970947,3995208,3600000,3600000,3600000,3600000,3600000,3600000,3600000,3969726,3980712,3984222,516,765,773,771,768,175,175,175,175,175,175,175,769,775,775,1000,1000,1000,1000,1000,1000,1000,1000,1000,1000,1000,1000,1000,1000,0,0,0,0,0,0,0,0,0,0,0,0,0,0,0,1681470927
3981170,3977661,3970489,3995208,3600000,3600000,3600000,3600000,3600000,3600000,3600000,3969573,3980407,3983764,517,765,773,771,768,175,175,175,175,175,175,175,769,775,775,1000,1000,1000,1000,1000,1000,1000,1000,1000,1000,1000,1000,1000,1000,0,0,0,0,0,0,0,0,0,0,0,0,0,0,0,1681470928
3981323,3978271,3970642,3994140,3600000,3600000,3600000,3600000,3600000,3600000,3600000,3969421,3981475,3984375,513,765,773,771,768,175,175,175,175,175,175,175,769,775,775,1000,1000,1000,1000,1000,1000,1000,1000,1000,1000,1000,1000,1000,1000,0,0,0,0,0,0,0,0,0,0,0,0,0,0,0,1681470929
3981170,3977966,3970642,3995208,3600000,3600000,3600000,3600000,3600000,3600000,3600000,3969879,3981170,3983917,514,765,773,771,768,175,175,175,175,175,175,175,769,775,775,1000,1000,1000,1000,1000,1000,1000,1000,1000,1000,1000,1000,1000,1000,0,0,0,0,0,0,0,0,0,0,0,0,0,0,0,1681470930
3980865,3977813,3971557,3995208,3600000,3600000,3600000,3600000,3600000,3600000,3600000,3969573,3980407,3984222,513,764,772,770,767,174,174,174,174,174,174,174,768,774,774,1000,1000,1000,1000,1000,1000,1000,1000,1000,1000,1000,1000,1000,1000,0,0,0,0,0,0,0,0,0,0,0,0,0,0,0,1681470931
3981323,3978729,3970947,3995361,3600000,3600000,3600000,3600000,3600000,3600000,3600000,3969726,3981323,3984069,510,764,772,770,767,174,174,174,174,174,174,174,768,774,774,1000,1000,1000,1000,1000,1000,1000,1000,1000,1000,1000,1000,1000,1000,0,0,0,0,0,0,0,0,0,0,0,0,0,0,0,1681470932
3980712,3977661,3970489,3994598,3600000,3600000,3600000,3600000,3600000,3600000,3600000,3970031,3980255,3984069,515,764,772,770,767,174,174,174,174,174,174,174,768,774,774,1000,1000,1000,1000,1000,1000,1000,1000,1000,1000,1000,1000,1000,1000,0,0,0,0,0,0,0,0,0,0,0,0,0,0,0,1681470933
3980407,3977508,3971252,3995208,3600000,3600000,3600000,3600000,3600000,3600000,3600000,3968811,3980865,3984375,515,764,772,770,767,174,174,174,174,174,174,174,768,774,774,1000,1000,1000,1000,1000,1000,1000,1000,1000,1000,1000,1000,1000,1000,0,0,0,0,0,0,0,0,0,0,0,0,0,0,0,1681470934
3980407,3977661,3970947,3995361,3600000,3600000,3600000,3600000,3600000,3600000,3600000,3969421,3981475,3984985,515,764,772,770,767,174,174,174,174,174,174,174,768,774,774,1000,1000,1000,1000,1000,1000,1000,1000,1000,1000,1000,1000,1000,1000,0,0,0,0,0,0,0,0,0,0,0,0,0,0,0,1681470935
3980255,3977203,3970947,3995361,3600000,3600000,3600000,3600000,3600000,3600000,3600000,3969116,3980407,3983612,514,764,772,770,767,174,174,174,174,174,174,174,768,774,774,1000,1000,1000,1000,1000,1000,1000,1000,1000,1000,1000,1000,1000,1000,0,0,0,0,0,0,0,0,0,0,0,0,0,0,0,1681470936
3980102,3976898,3970794,3994903,3600000,3600000,3600000,3600000,3600000,3600000,3600000,3968811,3980865,3983612,515,764,772,770,767,174,174,174,174,174,174,174,768,774,774,1000,1000,1000,1000,1000,1000,1000,1000,1000,1000,1000,1000,1000,1000,0,0,0,0,0,0,0,0,0,0,0,0,0,0,0,1681470937
3980560,3977203,3971099,3995056,3600000,3600000,3600000,3600000,3600000,3600000,3600000,3968963,3980102,3983612,515,764,772,770,767,174,174,174,174,174,174,174,768,774,774,1000,1000,1000,1000,1000,1000,1000,1000,1000,1000,1000,1000,1000,1000,0,0,0,0,0,0,0,0,0,0,0,0,0,0,0,1681470938
3980560,3977508,3970489,3994903,3600000,3600000,3600000,3600000,3600000,3600000,3600000,3969573,3981018,3984222,512,764,772,770,767,174,174,174,174,174,174,174,768,774,774,1000,1000,1000,1000,1000,1000,1000,1000,1000,1000,1000,1000,1000,1000,0,0,0,0,0,0,0,0,0,0,0,0,0,0,0,1681470939
3981018,3977966,3969726,3993988,3600000,3600000,3600000,3600000,3600000,3600000,3600000,3968505,3980560,3983764,515,764,772,770,767,174,174,174,174,174,174,174,768,774,774,1000,1000,1000,1000,1000,1000,1000,1000,1000,1000,1000,1000,1000,1000,0,0,0,0,0,0,0,0,0,0,0,0,0,0,0,1681470940
3980407,3977050,3970489,3994293,3600000,3600000,3600000,3600000,3600000,3600000,3600000,3969573,3979644,3983459,514,764,772,770,767,174,174,174,174,174,174,174,768,774,774,1000,1000,1000,1000,1000,1000,1000,1000,1000,1000,1000,1000,1000,1000,0,0,0,0,0,0,0,0,0,0,0,0,0,0,0,1681470941
3981628,3978118,3970642,3994445,3600000,3600000,3600000,3600000,3600000,3600000,3600000,3969268,3980407,3984069,515,764,772,770,767,174,174,174,174,174,174,174,768,774,774,1000,1000,1000,1000,1000,1000,1000,1000,1000,1000,1000,1000,1000,1000,0,0,0,0,0,0,0,0,0,0,0,0,0,0,0,1681470942
3980102,3977203,3969726,3994445,3600000,3600000,3600000,3600000,3600000,3600000,3600000,3968658,3979949,3983459,516,764,772,770,767,174,174,174,174,174,174,174,768,774,774,1000,1000,1000,1000,1000,1000,1000,1000,1000,1000,1000,1000,1000,1000,0,0,0,0,0,0,0,0,0,0,0,0,0,0,0,1681470943
3980865,3977661,3970336,3993988,3600000,3600000,3600000,3600000,3600000,3600000,3600000,3969268,3979644,3982696,516,764,772,770,767,174,174,174,174,174,174,174,768,774,774,1000,1000,1000,1000,1000,1000,1000,1000,1000,1000,1000,1000,1000,1000,0,0,0,0,0,0,0,0,0,0,0,0,0,0,0,1681470944
3980102,3977050,3970031,3993835,3600000,3600000,3600000,3600000,3600000,3600000,3600000,3968811,3980560,3983306,515,764,772,770,767,174,174,174,174,174,174,174,768,774,774,1000,1000,1000,1000,1000,1000,1000,1000,1000,1000,1000,1000,1000,1000,0,0,0,0,0,0,0,0,0,0,0,0,0,0,0,1681470945
3979492,3977661,3970489,3994140,3600000,3600000,3600000,3600000,3600000,3600000,3600000,3968200,3979949,3983306,514,764,772,770,767,174,174,174,174,174,174,174,768,774,774,1000,1000,1000,1000,1000,1000,1000,1000,1000,1000,1000,1000,1000,1000,0,0,0,0,0,0,0,0,0,0,0,0,0,0,0,1681470946
3980407,3977050,3970642,3994445,3600000,3600000,3600000,3600000,3600000,3600000,3600000,3968658,3980255,3983459,517,764,772,770,767,174,174,174,174,174,174,174,768,774,774,1000,1000,1000,1000,1000,1000,1000,1000,1000,1000,1000,1000,1000,1000,0,0,0,0,0,0,0,0,0,0,0,0,0,0,0,1681470947
3980712,3977355,3970336,3994293,3600000,3600000,3600000,3600000,3600000,3600000,3600000,3968963,3979949,3983764,514,764,772,770,767,174,174,174,174,174,174,174,768,774,774,1000,1000,1000,1000,1000,1000,1000,1000,1000,1000,1000,1000,1000,1000,0,0,0,0,0,0,0,0,0,0,0,0,0,0,0,1681470948
3980712,3977203,3970184,3994140,3600000,3600000,3600000,3600000,3600000,3600000,3600000,3968811,3980865,3983764,514,764,772,770,767,174,174,174,174,174,174,174,768,774,774,1000,1000,1000,1000,1000,1000,1000,1000,1000,1000,1000,1000,1000,1000,0,0,0,0,0,0,0,0,0,0,0,0,0,0,0,1681470949
3980255,3976898,3970947,3994903,3600000,3600000,3600000,3600000,3600000,3600000,3600000,3968811,3980255,3983764,514,764,772,770,767,174,174,174,174,174,174,174,768,774,774,1000,1000,1000,1000,1000,1000,1000,1000,1000,1000,1000,1000,1000,1000,0,0,0,0,0,0,0,0,0,0,0,0,0,0,0,1681470950
3979949,3977203,3970336,3994750,3600000,3600000,3600000,3600000,3600000,3600000,3600000,3968200,3980712,3984069,514,763,771,769,766,173,173,173,173,173,173,173,767,773,773,1000,1000,1000,1000,1000,1000,1000,1000,1000,1000,1000,1000,1000,1000,0,0,0,0,0,0,0,0,0,0,0,0,0,0,0,1681470951
3979187,3976593,3970336,3994140,3600000,3600000,3600000,3600000,3600000,3600000,3600000,3968658,3979949,3983612,516,763,771,769,766,173,173,173,173,173,173,173,767,773,773,1000,1000,1000,1000,1000,1000,1000,1000,1000,1000,1000,1000,1000,1000,0,0,0,0,0,0,0,0,0,0,0,0,0,0,0,1681470952
3979797,3976440,3969726,3993988,3600000,3600000,3600000,3600000,3600000,3600000,3600000,3968963,3979949,3983459,515,763,771,769,766,173,173,173,173,173,173,173,767,773,773,1000,1000,1000,1000,1000,1000,1000,1000,1000,1000,1000,1000,1000,1000,0,0,0,0,0,0,0,0,0,0,0,0,0,0,0,1681470953
3979492,3976135,3969573,3994293,3600000,3600000,3600000,3600000,3600000,3600000,3600000,3968353,3980255,3983917,517,763,771,769,766,173,173,173,173,173,173,173,767,773,773,1000,1000,1000,1000,1000,1000,1000,1000,1000,1000,1000,1000,1000,1000,0,0,0,0,0,0,0,0,0,0,0,0,0,0,0,1681470954
3979949,3976440,3969879,3993988,3600000,3600000,3600000,3600000,3600000,3600000,3600000,3969116,3979797,3983459,517,763,771,769,766,173,173,173,173,173,173,173,767,773,773,1000,1000,1000,1000,1000,1000,1000,1000,1000,1000,1000,1000,1000,1000,0,0,0,0,0,0,0,0,0,0,0,0,0,0,0,1681470955
3980255,3977050,3970489,3994140,3600000,3600000,3600000,3600000,3600000,3600000,3600000,3969116,3979949,3983764,513,763,771,769,766,173,173,173,173,173,173,173,767,773,773,1000,1000,1000,1000,1000,1000,1000,1000,1000,1000,1000,1000,1000,1000,0,0,0,0,0,0,0,0,0,0,0,0,0,0,0,1681470956
3979644,3977050,3970031,3994445,3600000,3600000,3600000,3600000,3600000,3600000,3600000,3968353,3980255,3983764,514,763,771,769,766,173,173,173,173,173,173,173,767,773,773,1000,1000,1000,1000,1000,1000,1000,1000,1000,1000,1000,1000,1000,1000,0,0,0,0,0,0,0,0,0,0,0,0,0,0,0,1681470957
3979644,3976898,3969879,3993835,3600000,3600000,3600000,3600000,3600000,3600000,3600000,3968353,3979492,3982849,515,763,771,769,766,173,173,173,173,173,173,173,767,773,773,1000,1000,1000,1000,1000,1000,1000,1000,1000,1000,1000,1000,1000,1000,0,0,0,0,0,0,0,0,0,0,0,0,0,0,0,1681470958
3979949,3977203,3970489,3994445,3600000,3600000,3600000,3600000,3600000,3600000,3600000,3968353,3979797,3982696,515,763,771,769,766,173,173,173,173,173,173,173,767,773,773,1000,1000,1000,1000,1000,1000,1000,1000,1000,1000,1000,1000,1000,1000,0,0,0,0,0,0,0,0,0,0,0,0,0,0,0,1681470959
3979949,3977050,3970336,3994140,3600000,3600000,3600000,3600000,3600000,3600000,3600000,3968200,3979187,3982696,516,763,771,769,766,173,173,173,173,173,173,173,767,773,773,1000,1000,1000,1000,1000,1000,1000,1000,1000,1000,1000,1000,1000,1000,0,0,0,0,0,0,0,0,0,0,0,0,0,0,0,1681470960
3979949,3977050,3970184,3994293,3600000,3600000,3600000,3600000,3600000,3600000,3600000,3967742,3979949,3982849,513,763,771,769,766,173,173,173,173,173,173,173,767,773,773,1000,1000,1000,1000,1000,1000,1000,1000,1000,1000,1000,1000,1000,1000,0,0,0,0,0,0,0,0,0,0,0,0,0,0,0,1681470961
3980407,3976745,3970184,3994293,3600000,3600000,3600000,3600000,3600000,3600000,3600000,3967742,3979949,3983306,514,763,771,769,766,173,173,173,173,173,173,173,767,773,773,1000,1000,1000,1000,1000,1000,1000,1000,1000,1000,1000,1000,1000,1000,0,0,0,0,0,0,0,0,0,0,0,0,0,0,0,1681470962
3979949,3977050,3970489,3994293,3600000,3600000,3600000,3600000,3600000,3600000,3600000,3968811,3979949,3983612,514,763,771,769,766,173,173,173,173,173,173,173,767,773,773,1000,1000,1000,1000,1000,1000,1000,1000,1000,1000,1000,1000,1000,1000,0,0,0,0,0,0,0,0,0,0,0,0,0,0,0,1681470963
3979797,3976593,3969421,3993530,3600000,3600000,3600000,3600000,3600000,3600000,3600000,3967895,3979644,3983306,516,763,771,769,766,173,173,173,173,173,173,173,767,773,773,1000,1000,1000,1000,1000,1000,1000,1000,1000,1000,1000,1000,1000,1000,0,0,0,0,0,0,0,0,0,0,0,0,0,0,0,1681470964
3980102,3977203,3970642,3994445,3600000,3600000,3600000,3600000,3600000,3600000,3600000,3968963,3979644,3983306,512,763,771,769,766,173,173,173,173,173,173,173,767,773,773,1000,1000,1000,1000,1000,1000,1000,1000,1000,1000,1000,1000,1000,1000,0,0,0,0,0,0,0,0,0,0,0,0,0,0,0,1681470965
3978881,3975677,3969573,3994293,3600000,3600000,3600000,3600000,3600000,3600000,3600000,3968505,3979339,3983001,515,763,771,769,766,173,173,173,173,173,173,173,767,773,773,1000,1000,1000,1000,1000,1000,1000,1000,1000,1000,1000,1000,1000,1000,0,0,0,0,0,0,0,0,0,0,0,0,0,0,0,1681470966
3979797,3976898,3969726,3994598,3600000,3600000,3600000,3600000,3600000,3600000,3600000,3968658,3980102,3983459,513,763,771,769,766,173,173,173,173,173,173,173,767,773,773,1000,1000,1000,1000,1000,1000,1000,1000,1000,1000,1000,1000,1000,1000,0,0,0,0,0,0,0,0,0,0,0,0,0,0,0,1681470967
3979492,3976745,3969573,3993835,3600000,3600000,3600000,3600000,3600000,3600000,3600000,3968658,3979034,3982849,514,763,771,769,766,173,173,173,173,173,173,173,767,773,773,1000,1000,1000,1000,1000,1000,1000,1000,1000,1000,1000,1000,1000,1000,0,0,0,0,0,0,0,0,0,0,0,0,0,0,0,1681470968
3979797,3976440,3970184,3993835,3600000,3600000,3600000,3600000,3600000,3600000,3600000,3968811,3979492,3983001,512,763,771,769,766,173,173,173,173,173,173,173,767,773,773,1000,1000,1000,1000,1000,1000,1000,1000,1000,1000,1000,1000,1000,1000,0,0,0,0,0,0,0,0,0,0,0,0,0,0,0,1681470969
3979644,3976745,3970489,3994598,3600000,3600000,3600000,3600000,3600000,3600000,3600000,3968811,3979644,3982849,510,762,770,768,765,172,172,172,172,172,172,172,766,772,772,1000,1000,1000,1000,1000,1000,1000,1000,1000,1000,1000,1000,1000,1000,0,0,0,0,0,0,0,0,0,0,0,0,0,0,0,1681470971
3979339,3976898,3970489,3994598,3600000,3600000,3600000,3600000,3600000,3600000,3600000,3968811,3980255,3983917,511,762,770,768,765,172,172,172,172,172,172,172,766,772,772,1000,1000,1000,1000,1000,1000,1000,1000,1000,1000,1000,1000,1000,1000,0,0,0,0,0,0,0,0,0,0,0,0,0,0,0,1681470971
3979492,3976745,3970336,3994140,3600000,3600000,3600000,3600000,3600000,3600000,3600000,3967895,3979797,3983001,514,762,770,768,765,172,172,172,172,172,172,172,766,772,772,1000,1000,1000,1000,1000,1000,1000,1000,1000,1000,1000,1000,1000,1000,0,0,0,0,0,0,0,0,0,0,0,0,0,0,0,1681470972
3979187,3976287,3969573,3993377,3600000,3600000,3600000,3600000,3600000,3600000,3600000,3968811,3979187,3982849,514,762,770,768,765,172,172,172,172,172,172,172,766,772,772,1000,1000,1000,1000,1000,1000,1000,1000,1000,1000,1000,1000,1000,1000,0,0,0,0,0,0,0,0,0,0,0,0,0,0,0,1681470973
3978271,3975830,3968811,3992919,3600000,3600000,3600000,3600000,3600000,3600000,3600000,3967895,3979034,3982391,517,762,770,768,765,172,172,172,172,172,172,172,766,772,772,1000,1000,1000,1000,1000,1000,1000,1000,1000,1000,1000,1000,1000,1000,0,0,0,0,0,0,0,0,0,0,0,0,0,0,0,1681470974
3979492,3976135,3969879,3993682,3600000,3600000,3600000,3600000,3600000,3600000,3600000,3968200,3979339,3982086,513,762,770,768,765,172,172,172,172,172,172,172,766,772,772,1000,1000,1000,1000,1000,1000,1000,1000,1000,1000,1000,1000,1000,1000,0,0,0,0,0,0,0,0,0,0,0,0,0,0,0,1681470975
3979187,3976135,3970031,3993988,3600000,3600000,3600000,3600000,3600000,3600000,3600000,3967895,3979644,3983001,515,762,770,768,765,172,172,172,172,172,172,172,766,772,772,1000,1000,1000,1000,1000,1000,1000,1000,1000,1000,1000,1000,1000,1000,0,0,0,0,0,0,0,0,0,0,0,0,0,0,0,1681470976
3979034,3975677,3968963,3993072,3600000,3600000,3600000,3600000,3600000,3600000,3600000,3967437,3979187,3982086,517,762,770,768,765,172,172,172,172,172,172,172,766,772,772,1000,1000,1000,1000,1000,1000,1000,1000,1000,1000,1000,1000,1000,1000,0,0,0,0,0,0,0,0,0,0,0,0,0,0,0,1681470977
3979034,3976440,3969116,3993530,3600000,3600000,3600000,3600000,3600000,3600000,3600000,3968200,3979339,3982849,516,762,770,768,765,172,172,172,172,172,172,172,766,772,772,1000,1000,1000,1000,1000,1000,1000,1000,1000,1000,1000,1000,1000,1000,0,0,0,0,0,0,0,0,0,0,0,0,0,0,0,1681470978
3978881,3976135,3969879,3994140,3600000,3600000,3600000,3600000,3600000,3600000,3600000,3968505,3978729,3982543,512,762,770,768,765,172,172,172,172,172,172,172,766,772,772,1000,1000,1000,1000,1000,1000,1000,1000,1000,1000,1000,1000,1000,1000,0,0,0,0,0,0,0,0,0,0,0,0,0,0,0,1681470979
3978576,3976287,3969268,3993682,3600000,3600000,3600000,3600000,3600000,3600000,3600000,3968048,3979644,3983001,514,762,770,768,765,172,172,172,172,172,172,172,766,772,772,1000,1000,1000,1000,1000,1000,1000,1000,1000,1000,1000,1000,1000,1000,0,0,0,0,0,0,0,0,0,0,0,0,0,0,0,1681470981
3978576,3975524,3969116,3992919,3600000,3600000,3600000,3600000,3600000,3600000,3600000,3967437,3979339,3982543,516,762,770,768,765,172,172,172,172,172,172,172,766,772,772,1000,1000,1000,1000,1000,1000,1000,1000,1000,1000,1000,1000,1000,1000,0,0,0,0,0,0,0,0,0,0,0,0,0,0,0,1681470982
3979797,3976135,3969879,3994140,3600000,3600000,3600000,3600000,3600000,3600000,3600000,3967590,3979034,3982696,513,762,770,768,765,172,172,172,172,172,172,172,766,772,772,1000,1000,1000,1000,1000,1000,1000,1000,1000,1000,1000,1000,1000,1000,0,0,0,0,0,0,0,0,0,0,0,0,0,0,0,1681470983
3978881,3976135,3970031,3993682,3600000,3600000,3600000,3600000,3600000,3600000,3600000,3967895,3978729,3981628,515,762,770,768,765,172,172,172,172,172,172,172,766,772,772,1000,1000,1000,1000,1000,1000,1000,1000,1000,1000,1000,1000,1000,1000,0,0,0,0,0,0,0,0,0,0,0,0,0,0,0,1681470984
3978576,3975982,3968353,3992004,3600000,3600000,3600000,3600000,3600000,3600000,3600000,3967132,3979034,3982238,517,762,770,768,765,172,172,172,172,172,172,172,766,772,772,1000,1000,1000,1000,1000,1000,1000,1000,1000,1000,1000,1000,1000,1000,0,0,0,0,0,0,0,0,0,0,0,0,0,0,0,1681470985
3979187,3976135,3968353,3992767,3600000,3600000,3600000,3600000,3600000,3600000,3600000,3967742,3978424,3981628,516,762,770,768,765,172,172,172,172,172,172,172,766,772,772,1000,1000,1000,1000,1000,1000,1000,1000,1000,1000,1000,1000,1000,1000,0,0,0,0,0,0,0,0,0,0,0,0,0,0,0,1681470986
3978729,3975830,3969573,3993682,3600000,3600000,3600000,3600000,3600000,3600000,3600000,3966827,3978881,3982086,514,762,770,768,765,172,172,172,172,172,172,172,766,772,772,1000,1000,1000,1000,1000,1000,1000,1000,1000,1000,1000,1000,1000,1000,0,0,0,0,0,0,0,0,0,0,0,0,0,0,0,1681470987
3979339,3975830,3968658,3992614,3600000,3600000,3600000,3600000,3600000,3600000,3600000,3967742,3978881,3981933,515,762,770,768,765,172,172,172,172,172,172,172,766,772,772,1000,1000,1000,1000,1000,1000,1000,1000,1000,1000,1000,1000,1000,1000,0,0,0,0,0,0,0,0,0,0,0,0,0,0,0,1681470988
3979034,3975830,3969726,3993530,3600000,3600000,3600000,3600000,3600000,3600000,3600000,3967742,3978576,3982086,513,762,770,768,765,172,172,172,172,172,172,172,766,772,772,1000,1000,1000,1000,1000,1000,1000,1000,1000,1000,1000,1000,1000,1000,0,0,0,0,0,0,0,0,0,0,0,0,0,0,0,1681470989
3978729,3976287,3968811,3992462,3600000,3600000,3600000,3600000,3600000,3600000,3600000,3967437,3978118,3981475,517,762,770,768,765,172,172,172,172,172,172,172,766,772,772,1000,1000,1000,1000,1000,1000,1000,1000,1000,1000,1000,1000,1000,1000,0,0,0,0,0,0,0,0,0,0,0,0,0,0,0,1681470990
3978576,3975524,3969116,3993377,3600000,3600000,3600000,3600000,3600000,3600000,3600000,3966674,3979187,3982543,517,761,769,767,764,171,171,171,171,171,171,171,765,771,771,1000,1000,1000,1000,1000,1000,1000,1000,1000,1000,1000,1000,1000,1000,0,0,0,0,0,0,0,0,0,0,0,0,0,0,0,1681470991
3978118,3975372,3968200,3992614,3600000,3600000,3600000,3600000,3600000,3600000,3600000,3966674,3978271,3982086,518,761,769,767,764,171,171,171,171,171,171,171,765,771,771,1000,1000,1000,1000,1000,1000,1000,1000,1000,1000,1000,1000,1000,1000,0,0,0,0,0,0,0,0,0,0,0,0,0,0,0,1681470992
3977813,3975067,3968353,3992462,3600000,3600000,3600000,3600000,3600000,3600000,3600000,3966522,3977966,3981323,518,761,769,767,764,171,171,171,171,171,171,171,765,771,771,1000,1000,1000,1000,1000,1000,1000,1000,1000,1000,1000,1000,1000,1000,0,0,0,0,0,0,0,0,0,0,0,0,0,0,0,1681470993
3978118,3975372,3968811,3993072,3600000,3600000,3600000,3600000,3600000,3600000,3600000,3967132,3978729,3981933,515,761,769,767,764,171,171,171,171,171,171,171,765,771,771,1000,1000,1000,1000,1000,1000,1000,1000,1000,1000,1000,1000,1000,1000,0,0,0,0,0,0,0,0,0,0,0,0,0,0,0,1681470994
3978118,3975982,3968353,3992309,3600000,3600000,3600000,3600000,3600000,3600000,3600000,3966827,3977813,3981933,518,761,769,767,764,171,171,171,171,171,171,171,765,771,771,1000,1000,1000,1000,1000,1000,1000,1000,1000,1000,1000,1000,1000,1000,0,0,0,0,0,0,0,0,0,0,0,0,0,0,0,1681470995
3977661,3975067,3968353,3992767,3600000,3600000,3600000,3600000,3600000,3600000,3600000,3967285,3978424,3981933,518,761,769,767,764,171,171,171,171,171,171,171,765,771,771,1000,1000,1000,1000,1000,1000,1000,1000,1000,1000,1000,1000,1000,1000,0,0,0,0,0,0,0,0,0,0,0,0,0,0,0,1681470996
3978424,3975372,3968505,3992767,3600000,3600000,3600000,3600000,3600000,3600000,3600000,3967285,3978424,3982086,513,761,769,767,764,171,171,171,171,171,171,171,765,771,771,1000,1000,1000,1000,1000,1000,1000,1000,1000,1000,1000,1000,1000,1000,0,0,0,0,0,0,0,0,0,0,0,0,0,0,0,1681470997
3978729,3975677,3968658,3993072,3600000,3600000,3600000,3600000,3600000,3600000,3600000,3967437,3978576,3982086,514,761,769,767,764,171,171,171,171,171,171,171,765,771,771,1000,1000,1000,1000,1000,1000,1000,1000,1000,1000,1000,1000,1000,1000,0,0,0,0,0,0,0,0,0,0,0,0,0,0,0,1681470998
3978424,3975219,3968658,3992156,3600000,3600000,3600000,3600000,3600000,3600000,3600000,3966827,3978271,3982391,516,761,769,767,764,171,171,171,171,171,171,171,765,771,771,1000,1000,1000,1000,1000,1000,1000,1000,1000,1000,1000,1000,1000,1000,0,0,0,0,0,0,0,0,0,0,0,0,0,0,0,1681470999
3977203,3974761,3968048,3992309,3600000,3600000,3600000,3600000,3600000,3600000,3600000,3966522,3977355,3980865,518,761,769,767,764,171,171,171,171,171,171,171,765,771,771,1000,1000,1000,1000,1000,1000,1000,1000,1000,1000,1000,1000,1000,1000,0,0,0,0,0,0,0,0,0,0,0,0,0,0,0,1681471000
3978424,3975830,3968353,3992767,3600000,3600000,3600000,3600000,3600000,3600000,3600000,3967285,3978271,3981781,513,761,769,767,764,171,171,171,171,171,171,171,765,771,771,1000,1000,1000,1000,1000,1000,1000,1000,1000,1000,1000,1000,1000,1000,0,0,0,0,0,0,0,0,0,0,0,0,0,0,0,1681471001
3978729,3975677,3968353,3992767,3600000,3600000,3600000,3600000,3600000,3600000,3600000,3967895,3978881,3982696,510,761,769,767,764,171,171,171,171,171,171,171,765,771,771,1000,1000,1000,1000,1000,1000,1000,1000,1000,1000,1000,1000,1000,1000,0,0,0,0,0,0,0,0,0,0,0,0,0,0,0,1681471002
3978576,3975677,3968811,3992919,3600000,3600000,3600000,3600000,3600000,3600000,3600000,3967437,3978576,3982086,513,761,769,767,764,171,171,171,171,171,171,171,765,771,771,1000,1000,1000,1000,1000,1000,1000,1000,1000,1000,1000,1000,1000,1000,0,0,0,0,0,0,0,0,0,0,0,0,0,0,0,1681471003
3978271,3975677,3969116,3992614,3600000,3600000,3600000,3600000,3600000,3600000,3600000,3966827,3977508,3981628,514,761,769,767,764,171,171,171,171,171,171,171,765,771,771,1000,1000,1000,1000,1000,1000,1000,1000,1000,1000,1000,1000,1000,1000,0,0,0,0,0,0,0,0,0,0,0,0,0,0,0,1681471004
3977813,3974914,3968200,3992767,3600000,3600000,3600000,3600000,3600000,3600000,3600000,3966064,3977966,3981323,518,761,769,767,764,171,171,171,171,171,171,171,765,771,771,1000,1000,1000,1000,1000,1000,1000,1000,1000,1000,1000,1000,1000,1000,0,0,0,0,0,0,0,0,0,0,0,0,0,0,0,1681471005
3977813,3975830,3968505,3992462,3600000,3600000,3600000,3600000,3600000,3600000,3600000,3966979,3978271,3981475,514,761,769,767,764,171,171,171,171,171,171,171,765,771,771,1000,1000,1000,1000,1000,1000,1000,1000,1000,1000,1000,1000,1000,1000,0,0,0,0,0,0,0,0,0,0,0,0,0,0,0,1681471006
3978881,3976287,3968505,3993072,3600000,3600000,3600000,3600000,3600000,3600000,3600000,3966979,3978729,3982238,511,761,769,767,764,171,171,171,171,171,171,171,765,771,771,1000,1000,1000,1000,1000,1000,1000,1000,1000,1000,1000,1000,1000,1000,0,0,0,0,0,0,0,0,0,0,0,0,0,0,0,1681471007
3978424,3975219,3967895,3992004,3600000,3600000,3600000,3600000,3600000,3600000,3600000,3966827,3977813,3981018,514,761,769,767,764,171,171,171,171,171,171,171,765,771,771,1000,1000,1000,1000,1000,1000,1000,1000,1000,1000,1000,1000,1000,1000,0,0,0,0,0,0,0,0,0,0,0,0,0,0,0,1681471008
3977508,3974609,3968505,3992156,3600000,3600000,3600000,3600000,3600000,3600000,3600000,3966522,3978424,3981170,517,761,769,767,764,171,171,171,171,171,171,171,765,771,771,1000,1000,1000,1000,1000,1000,1000,1000,1000,1000,1000,1000,1000,1000,0,0,0,0,0,0,0,0,0,0,0,0,0,0,0,1681471009
3977661,3975067,3968353,3992309,3600000,3600000,3600000,3600000,3600000,3600000,3600000,3966674,3978118,3981170,516,761,769,767,764,171,171,171,171,171,171,171,765,771,771,1000,1000,1000,1000,1000,1000,1000,1000,1000,1000,1000,1000,1000,1000,0,0,0,0,0,0,0,0,0,0,0,0,0,0,0,1681471010
3977508,3974456,3968048,3992004,3600000,3600000,3600000,3600000,3600000,3600000,3600000,3966064,3977661,3981475,517,760,768,766,763,170,170,170,170,170,170,170,764,770,770,1000,1000,1000,1000,1000,1000,1000,1000,1000,1000,1000,1000,1000,1000,0,0,0,0,0,0,0,0,0,0,0,0,0,0,0,1681471011
3977813,3974914,3967742,3991088,3600000,3600000,3600000,3600000,3600000,3600000,3600000,3966522,3976898,3980255,518,760,768,766,763,170,170,170,170,170,170,170,764,770,770,1000,1000,1000,1000,1000,1000,1000,1000,1000,1000,1000,1000,1000,1000,0,0,0,0,0,0,0,0,0,0,0,0,0,0,0,1681471012
3977661,3975067,3968353,3992156,3600000,3600000,3600000,3600000,3600000,3600000,3600000,3965911,3977508,3980712,516,760,768,766,763,170,170,170,170,170,170,170,764,770,770,1000,1000,1000,1000,1000,1000,1000,1000,1000,1000,1000,1000,1000,1000,0,0,0,0,0,0,0,0,0,0,0,0,0,0,0,1681471013
3977966,3975067,3967742,3992156,3600000,3600000,3600000,3600000,3600000,3600000,3600000,3966064,3977508,3981018,516,760,768,766,763,170,170,170,170,170,170,170,764,770,770,1000,1000,1000,1000,1000,1000,1000,1000,1000,1000,1000,1000,1000,1000,0,0,0,0,0,0,0,0,0,0,0,0,0,0,0,1681471014
3977508,3974914,3968048,3992004,3600000,3600000,3600000,3600000,3600000,3600000,3600000,3966674,3977966,3981018,515,760,768,766,763,170,170,170,170,170,170,170,764,770,770,1000,1000,1000,1000,1000,1000,1000,1000,1000,1000,1000,1000,1000,1000,0,0,0,0,0,0,0,0,0,0,0,0,0,0,0,1681471015
3977508,3975067,3968200,3992004,3600000,3600000,3600000,3600000,3600000,3600000,3600000,3966369,3977966,3981323,514,760,768,766,763,170,170,170,170,170,170,170,764,770,770,1000,1000,1000,1000,1000,1000,1000,1000,1000,1000,1000,1000,1000,1000,0,0,0,0,0,0,0,0,0,0,0,0,0,0,0,1681471016
3977355,3974609,3967437,3991546,3600000,3600000,3600000,3600000,3600000,3600000,3600000,3965301,3977355,3981323,519,760,768,766,763,170,170,170,170,170,170,170,764,770,770,1000,1000,1000,1000,1000,1000,1000,1000,1000,1000,1000,1000,1000,1000,0,0,0,0,0,0,0,0,0,0,0,0,0,0,0,1681471017
3977203,3973999,3967132,3991088,3600000,3600000,3600000,3600000,3600000,3600000,3600000,3966369,3977661,3981018,516,760,768,766,763,170,170,170,170,170,170,170,764,770,770,1000,1000,1000,1000,1000,1000,1000,1000,1000,1000,1000,1000,1000,1000,0,0,0,0,0,0,0,0,0,0,0,0,0,0,0,1681471018
3977661,3975067,3968658,3992462,3600000,3600000,3600000,3600000,3600000,3600000,3600000,3966217,3977813,3981018,513,760,768,766,763,170,170,170,170,170,170,170,764,770,770,1000,1000,1000,1000,1000,1000,1000,1000,1000,1000,1000,1000,1000,1000,0,0,0,0,0,0,0,0,0,0,0,0,0,0,0,1681471019
3977203,3974304,3968505,3992462,3600000,3600000,3600000,3600000,3600000,3600000,3600000,3966064,3976898,3980255,516,760,768,766,763,170,170,170,170,170,170,170,764,770,770,1000,1000,1000,1000,1000,1000,1000,1000,1000,1000,1000,1000,1000,1000,0,0,0,0,0,0,0,0,0,0,0,0,0,0,0,1681471020
3977050,3974304,3967895,3991851,3600000,3600000,3600000,3600000,3600000,3600000,3600000,3965454,3976898,3980560,517,760,768,766,763,170,170,170,170,170,170,170,764,770,770,1000,1000,1000,1000,1000,1000,1000,1000,1000,1000,1000,1000,1000,1000,0,0,0,0,0,0,0,0,0,0,0,0,0,0,0,1681471021
3976898,3974151,3966827,3991546,3600000,3600000,3600000,3600000,3600000,3600000,3600000,3965606,3976745,3980560,519,760,768,766,763,170,170,170,170,170,170,170,764,770,770,1000,1000,1000,1000,1000,1000,1000,1000,1000,1000,1000,1000,1000,1000,0,0,0,0,0,0,0,0,0,0,0,0,0,0,0,1681471022
3977661,3974609,3967285,3991241,3600000,3600000,3600000,3600000,3600000,3600000,3600000,3964996,3977813,3980865,517,760,768,766,763,170,170,170,170,170,170,170,764,770,770,1000,1000,1000,1000,1000,1000,1000,1000,1000,1000,1000,1000,1000,1000,0,0,0,0,0,0,0,0,0,0,0,0,0,0,0,1681471023
3977355,3974609,3967895,3992156,3600000,3600000,3600000,3600000,3600000,3600000,3600000,3965148,3977203,3980712,514,760,768,766,763,170,170,170,170,170,170,170,764,770,770,1000,1000,1000,1000,1000,1000,1000,1000,1000,1000,1000,1000,1000,1000,0,0,0,0,0,0,0,0,0,0,0,0,0,0,0,1681471024
3977203,3974609,3967285,3991394,3600000,3600000,3600000,3600000,3600000,3600000,3600000,3965911,3976898,3980407,516,760,768,766,763,170,170,170,170,170,170,170,764,770,770,1000,1000,1000,1000,1000,1000,1000,1000,1000,1000,1000,1000,1000,1000,0,0,0,0,0,0,0,0,0,0,0,0,0,0,0,1681471025
3977203,3973999,3967132,3991241,3600000,3600000,3600000,3600000,3600000,3600000,3600000,3965606,3977203,3980407,517,760,768,766,763,170,170,170,170,170,170,170,764,770,770,1000,1000,1000,1000,1000,1000,1000,1000,1000,1000,1000,1000,1000,1000,0,0,0,0,0,0,0,0,0,0,0,0,0,0,0,1681471026
3976287,3973999,3967285,3991241,3600000,3600000,3600000,3600000,3600000,3600000,3600000,3966827,3977050,3981018,517,760,768,766,763,170,170,170,170,170,170,170,764,770,770,1000,1000,1000,1000,1000,1000,1000,1000,1000,1000,1000,1000,1000,1000,0,0,0,0,0,0,0,0,0,0,0,0,0,0,0,1681471027
3976898,3974914,3966827,3990936,3600000,3600000,3600000,3600000,3600000,3600000,3600000,3964843,3977508,3980102,520,760,768,766,763,170,170,170,170,170,170,170,764,770,770,1000,1000,1000,1000,1000,1000,1000,1000,1000,1000,1000,1000,1000,1000,0,0,0,0,0,0,0,0,0,0,0,0,0,0,0,1681471028
3977355,3974304,3966979,3991088,3600000,3600000,3600000,3600000,3600000,3600000,3600000,3965759,3977203,3980865,515,760,768,766,763,170,170,170,170,170,170,170,764,770,770,1000,1000,1000,1000,1000,1000,1000,1000,1000,1000,1000,1000,1000,1000,0,0,0,0,0,0,0,0,0,0,0,0,0,0,0,1681471029
3977050,3973999,3967895,3992309,3600000,3600000,3600000,3600000,3600000,3600000,3600000,3964996,3977355,3980560,515,760,768,766,763,170,170,170,170,170,170,170,764,770,770,1000,1000,1000,1000,1000,1000,1000,1000,1000,1000,1000,1000,1000,1000,0,0,0,0,0,0,0,0,0,0,0,0,0,0,0,1681471030
3976745,3974456,3967132,3991546,3600000,3600000,3600000,3600000,3600000,3600000,3600000,3965454,3976593,3979949,518,759,767,765,762,169,169,169,169,169,169,169,763,769,769,1000,1000,1000,1000,1000,1000,1000,1000,1000,1000,1000,1000,1000,1000,0,0,0,0,0,0,0,0,0,0,0,0,0,0,0,1681471031
3976287,3973541,3967132,3991546,3600000,3600000,3600000,3600000,3600000,3600000,3600000,3965454,3976440,3980102,516,759,767,765,762,169,169,169,169,169,169,169,763,769,769,1000,1000,1000,1000,1000,1000,1000,1000,1000,1000,1000,1000,1000,1000,0,0,0,0,0,0,0,0,0,0,0,0,0,0,0,1681471032
3976593,3973388,3966674,3990631,3600000,3600000,3600000,3600000,3600000,3600000,3600000,3965148,3976898,3980560,517,759,767,765,762,169,169,169,169,169,169,169,763,769,769,1000,1000,1000,1000,1000,1000,1000,1000,1000,1000,1000,1000,1000,1000,0,0,0,0,0,0,0,0,0,0,0,0,0,0,0,1681471033
3976287,3973388,3966522,3990631,3600000,3600000,3600000,3600000,3600000,3600000,3600000,3965148,3976287,3980407,520,759,767,765,762,169,169,169,169,169,169,169,763,769,769,1000,1000,1000,1000,1000,1000,1000,1000,1000,1000,1000,1000,1000,1000,0,0,0,0,0,0,0,0,0,0,0,0,0,0,0,1681471034
3976440,3973693,3967132,3991088,3600000,3600000,3600000,3600000,3600000,3600000,3600000,3965454,3977203,3979949,515,759,767,765,762,169,169,169,169,169,169,169,763,769,769,1000,1000,1000,1000,1000,1000,1000,1000,1000,1000,1000,1000,1000,1000,0,0,0,0,0,0,0,0,0,0,0,0,0,0,0,1681471035
3977050,3974456,3966979,3990936,3600000,3600000,3600000,3600000,3600000,3600000,3600000,3964691,3976287,3979492,517,759,767,765,762,169,169,169,169,169,169,169,763,769,769,1000,1000,1000,1000,1000,1000,1000,1000,1000,1000,1000,1000,1000,1000,0,0,0,0,0,0,0,0,0,0,0,0,0,0,0,1681471036
3975219,3973083,3966827,3991241,3600000,3600000,3600000,3600000,3600000,3600000,3600000,3964691,3976287,3980102,517,759,767,765,762,169,169,169,169,169,169,169,763,769,769,1000,1000,1000,1000,1000,1000,1000,1000,1000,1000,1000,1000,1000,1000,0,0,0,0,0,0,0,0,0,0,0,0,0,0,0,1681471037
3976593,3974151,3966522,3990325,3600000,3600000,3600000,3600000,3600000,3600000,3600000,3964843,3976593,3979644,516,759,767,765,762,169,169,169,169,169,169,169,763,769,769,1000,1000,1000,1000,1000,1000,1000,1000,1000,1000,1000,1000,1000,1000,0,0,0,0,0,0,0,0,0,0,0,0,0,0,0,1681471038
3976593,3973541,3967285,3990936,3600000,3600000,3600000,3600000,3600000,3600000,3600000,3964538,3976440,3980255,516,759,767,765,762,169,169,169,169,169,169,169,763,769,769,1000,1000,1000,1000,1000,1000,1000,1000,1000,1000,1000,1000,1000,1000,0,0,0,0,0,0,0,0,0,0,0,0,0,0,0,1681471039
3976440,3973541,3967437,3990936,3600000,3600000,3600000,3600000,3600000,3600000,3600000,3965301,3976593,3980407,516,759,767,765,762,169,169,169,169,169,169,169,763,769,769,1000,1000,1000,1000,1000,1000,1000,1000,1000,1000,1000,1000,1000,1000,0,0,0,0,0,0,0,0,0,0,0,0,0,0,0,1681471040
3976745,3973541,3967285,3991394,3600000,3600000,3600000,3600000,3600000,3600000,3600000,3964691,3976135,3979339,517,759,767,765,762,169,169,169,169,169,169,169,763,769,769,1000,1000,1000,1000,1000,1000,1000,1000,1000,1000,1000,1000,1000,1000,0,0,0,0,0,0,0,0,0,0,0,0,0,0,0,1681471041
3976745,3974456,3966979,3991088,3600000,3600000,3600000,3600000,3600000,3600000,3600000,3964843,3976745,3979949,515,759,767,765,762,169,169,169,169,169,169,169,763,769,769,1000,1000,1000,1000,1000,1000,1000,1000,1000,1000,1000,1000,1000,1000,0,0,0,0,0,0,0,0,0,0,0,0,0,0,0,1681471042
3976745,3974151,3966979,3991088,3600000,3600000,3600000,3600000,3600000,3600000,3600000,3964385,3976593,3979492,516,759,767,765,762,169,169,169,169,169,169,169,763,769,769,1000,1000,1000,1000,1000,1000,1000,1000,1000,1000,1000,1000,1000,1000,0,0,0,0,0,0,0,0,0,0,0,0,0,0,0,1681471043
3976440,3973999,3966979,3990936,3600000,3600000,3600000,3600000,3600000,3600000,3600000,3964843,3977203,3980255,515,759,767,765,762,169,169,169,169,169,169,169,763,769,769,1000,1000,1000,1000,1000,1000,1000,1000,1000,1000,1000,1000,1000,1000,0,0,0,0,0,0,0,0,0,0,0,0,0,0,0,1681471044
3976135,3973693,3966674,3990631,3600000,3600000,3600000,3600000,3600000,3600000,3600000,3965301,3976440,3979797,515,759,767,765,762,169,169,169,169,169,169,169,763,769,769,1000,1000,1000,1000,1000,1000,1000,1000,1000,1000,1000,1000,1000,1000,0,0,0,0,0,0,0,0,0,0,0,0,0,0,0,1681471045
3976287,3974151,3966522,3990936,3600000,3600000,3600000,3600000,3600000,3600000,3600000,3964538,3976287,3979492,516,759,767,765,762,169,169,169,169,169,169,169,763,769,769,1000,1000,1000,1000,1000,1000,1000,1000,1000,1000,1000,1000,1000,1000,0,0,0,0,0,0,0,0,0,0,0,0,0,0,0,1681471046
3975830,3973388,3967132,3991088,3600000,3600000,3600000,3600000,3600000,3600000,3600000,3964996,3975830,3979187,515,759,767,765,762,169,169,169,169,169,169,169,763,769,769,1000,1000,1000,1000,1000,1000,1000,1000,1000,1000,1000,1000,1000,1000,0,0,0,0,0,0,0,0,0,0,0,0,0,0,0,1681471047
3976287,3972930,3966979,3990325,3600000,3600000,3600000,3600000,3600000,3600000,3600000,3964843,3976440,3979949,516,759,767,765,762,169,169,169,169,169,169,169,763,769,769,1000,1000,1000,1000,1000,1000,1000,1000,1000,1000,1000,1000,1000,1000,0,0,0,0,0,0,0,0,0,0,0,0,0,0,0,1681471048
3976745,3973846,3966979,3990936,3600000,3600000,3600000,3600000,3600000,3600000,3600000,3964538,3976593,3979949,514,759,767,765,762,169,169,169,169,169,169,169,763,769,769,1000,1000,1000,1000,1000,1000,1000,1000,1000,1000,1000,1000,1000,1000,0,0,0,0,0,0,0,0,0,0,0,0,0,0,0,1681471049
3976440,3973541,3966674,3990173,3600000,3600000,3600000,3600000,3600000,3600000,3600000,3964843,3976287,3979492,516,759,767,765,762,169,169,169,169,169,169,169,763,769,769,1000,1000,1000,1000,1000,1000,1000,1000,1000,1000,1000,1000,1000,1000,0,0,0,0,0,0,0,0,0,0,0,0,0,0,0,1681471050
3976593,3973846,3966369,3990631,3600000,3600000,3600000,3600000,3600000,3600000,3600000,3964538,3976593,3979644,515,758,766,764,761,168,168,168,168,168,168,168,762,768,768,1000,1000,1000,1000,1000,1000,1000,1000,1000,1000,1000,1000,1000,1000,0,0,0,0,0,0,0,0,0,0,0,0,0,0,0,1681471051
3976440,3973083,3966217,3990020,3600000,3600000,3600000,3600000,3600000,3600000,3600000,3964385,3975830,3979492,517,758,766,764,761,168,168,168,168,168,168,168,762,768,768,1000,1000,1000,1000,1000,1000,1000,1000,1000,1000,1000,1000,1000,1000,0,0,0,0,0,0,0,0,0,0,0,0,0,0,0,1681471052
3976287,3973083,3966827,3990783,3600000,3600000,3600000,3600000,3600000,3600000,3600000,3964385,3975219,3978729,520,758,766,764,761,168,168,168,168,168,168,168,762,768,768,1000,1000,1000,1000,1000,1000,1000,1000,1000,1000,1000,1000,1000,1000,0,0,0,0,0,0,0,0,0,0,0,0,0,0,0,1681471053
3976898,3974304,3965911,3990478,3600000,3600000,3600000,3600000,3600000,3600000,3600000,3964538,3976745,3979492,515,758,766,764,761,168,168,168,168,168,168,168,762,768,768,1000,1000,1000,1000,1000,1000,1000,1000,1000,1000,1000,1000,1000,1000,0,0,0,0,0,0,0,0,0,0,0,0,0,0,0,1681471054
3976135,3972625,3966674,3990325,3600000,3600000,3600000,3600000,3600000,3600000,3600000,3964233,3976745,3979949,515,758,766,764,761,168,168,168,168,168,168,168,762,768,768,1000,1000,1000,1000,1000,1000,1000,1000,1000,1000,1000,1000,1000,1000,0,0,0,0,0,0,0,0,0,0,0,0,0,0,0,1681471055
3975677,3972473,3966064,3990173,3600000,3600000,3600000,3600000,3600000,3600000,3600000,3964538,3976745,3980102,517,758,766,764,761,168,168,168,168,168,168,168,762,768,768,1000,1000,1000,1000,1000,1000,1000,1000,1000,1000,1000,1000,1000,1000,0,0,0,0,0,0,0,0,0,0,0,0,0,0,0,1681471056
3976135,3972930,3966979,3990631,3600000,3600000,3600000,3600000,3600000,3600000,3600000,3964996,3976593,3979644,514,758,766,764,761,168,168,168,168,168,168,168,762,768,768,1000,1000,1000,1000,1000,1000,1000,1000,1000,1000,1000,1000,1000,1000,0,0,0,0,0,0,0,0,0,0,0,0,0,0,0,1681471057
3975524,3972930,3966217,3989868,3600000,3600000,3600000,3600000,3600000,3600000,3600000,3964538,3976440,3979949,515,758,766,764,761,168,168,168,168,168,168,168,762,768,768,1000,1000,1000,1000,1000,1000,1000,1000,1000,1000,1000,1000,1000,1000,0,0,0,0,0,0,0,0,0,0,0,0,0,0,0,1681471058
3975982,3973236,3966827,3990325,3600000,3600000,3600000,3600000,3600000,3600000,3600000,3964385,3975830,3979187,516,758,766,764,761,168,168,168,168,168,168,168,762,768,768,1000,1000,1000,1000,1000,1000,1000,1000,1000,1000,1000,1000,1000,1000,0,0,0,0,0,0,0,0,0,0,0,0,0,0,0,1681471059
3975372,3972778,3966217,3990325,3600000,3600000,3600000,3600000,3600000,3600000,3600000,3963623,3975524,3979034,518,758,766,764,761,168,168,168,168,168,168,168,762,768,768,1000,1000,1000,1000,1000,1000,1000,1000,1000,1000,1000,1000,1000,1000,0,0,0,0,0,0,0,0,0,0,0,0,0,0,0,1681471060
3975677,3973693,3965454,3989562,3600000,3600000,3600000,3600000,3600000,3600000,3600000,3964233,3975982,3979492,519,758,766,764,761,168,168,168,168,168,168,168,762,768,768,1000,1000,1000,1000,1000,1000,1000,1000,1000,1000,1000,1000,1000,1000,0,0,0,0,0,0,0,0,0,0,0,0,0,0,0,1681471061
3975677,3972625,3965759,3989562,3600000,3600000,3600000,3600000,3600000,3600000,3600000,3964080,3975982,3978881,519,758,766,764,761,168,168,168,168,168,168,168,762,768,768,1000,1000,1000,1000,1000,1000,1000,1000,1000,1000,1000,1000,1000,1000,0,0,0,0,0,0,0,0,0,0,0,0,0,0,0,1681471062
3975219,3972930,3966674,3989868,3600000,3600000,3600000,3600000,3600000,3600000,3600000,3963775,3975372,3978576,517,758,766,764,761,168,168,168,168,168,168,168,762,768,768,1000,1000,1000,1000,1000,1000,1000,1000,1000,1000,1000,1000,1000,1000,0,0,0,0,0,0,0,0,0,0,0,0,0,0,0,1681471063
3975524,3972930,3965759,3989257,3600000,3600000,3600000,3600000,3600000,3600000,3600000,3963928,3974914,3978271,519,758,766,764,761,168,168,168,168,168,168,168,762,768,768,1000,1000,1000,1000,1000,1000,1000,1000,1000,1000,1000,1000,1000,1000,0,0,0,0,0,0,0,0,0,0,0,0,0,0,0,1681471064
3976135,3973083,3966674,3990173,3600000,3600000,3600000,3600000,3600000,3600000,3600000,3965148,3975524,3979492,514,758,766,764,761,168,168,168,168,168,168,168,762,768,768,1000,1000,1000,1000,1000,1000,1000,1000,1000,1000,1000,1000,1000,1000,0,0,0,0,0,0,0,0,0,0,0,0,0,0,0,1681471065
3976135,3973083,3966217,3990173,3600000,3600000,3600000,3600000,3600000,3600000,3600000,3964538,3975677,3979034,514,758,766,764,761,168,168,168,168,168,168,168,762,768,768,1000,1000,1000,1000,1000,1000,1000,1000,1000,1000,1000,1000,1000,1000,0,0,0,0,0,0,0,0,0,0,0,0,0,0,0,1681471066
3975372,3972625,3966064,3989715,3600000,3600000,3600000,3600000,3600000,3600000,3600000,3964385,3975982,3979644,514,758,766,764,761,168,168,168,168,168,168,168,762,768,768,1000,1000,1000,1000,1000,1000,1000,1000,1000,1000,1000,1000,1000,1000,0,0,0,0,0,0,0,0,0,0,0,0,0,0,0,1681471067
3975524,3972778,3965454,3989715,3600000,3600000,3600000,3600000,3600000,3600000,3600000,3964233,3975372,3978881,515,758,766,764,761,168,168,168,168,168,168,168,762,768,768,1000,1000,1000,1000,1000,1000,1000,1000,1000,1000,1000,1000,1000,1000,0,0,0,0,0,0,0,0,0,0,0,0,0,0,0,1681471068
3975372,3972625,3965911,3989868,3600000,3600000,3600000,3600000,3600000,3600000,3600000,3963623,3976287,3979339,516,758,766,764,761,168,168,168,168,168,168,168,762,768,768,1000,1000,1000,1000,1000,1000,1000,1000,1000,1000,1000,1000,1000,1000,0,0,0,0,0,0,0,0,0,0,0,0,0,0,0,1681471069
3975372,3972473,3965911,3989715,3600000,3600000,3600000,3600000,3600000,3600000,3600000,3963928,3975677,3979187,513,758,766,764,761,168,168,168,168,168,168,168,762,768,768,1000,1000,1000,1000,1000,1000,1000,1000,1000,1000,1000,1000,1000,1000,0,0,0,0,0,0,0,0,0,0,0,0,0,0,0,1681471070
3975372,3972778,3966369,3990020,3600000,3600000,3600000,3600000,3600000,3600000,3600000,3964385,3975524,3979492,515,757,765,763,760,167,167,167,167,167,167,167,761,767,767,1000,1000,1000,1000,1000,1000,1000,1000,1000,1000,1000,1000,1000,1000,0,0,0,0,0,0,0,0,0,0,0,0,0,0,0,1681471071
3975677,3972625,3965759,3989868,3600000,3600000,3600000,3600000,3600000,3600000,3600000,3963317,3975830,3979339,513,757,765,763,760,167,167,167,167,167,167,167,761,767,767,1000,1000,1000,1000,1000,1000,1000,1000,1000,1000,1000,1000,1000,1000,0,0,0,0,0,0,0,0,0,0,0,0,0,0,0,1681471072
3976135,3973388,3966217,3989562,3600000,3600000,3600000,3600000,3600000,3600000,3600000,3964080,3975219,3979187,513,757,765,763,760,167,167,167,167,167,167,167,761,767,767,1000,1000,1000,1000,1000,1000,1000,1000,1000,1000,1000,1000,1000,1000,0,0,0,0,0,0,0,0,0,0,0,0,0,0,0,1681471073
3975372,3972625,3965911,3989868,3600000,3600000,3600000,3600000,3600000,3600000,3600000,3964843,3974914,3978576,516,757,765,763,760,167,167,167,167,167,167,167,761,767,767,1000,1000,1000,1000,1000,1000,1000,1000,1000,1000,1000,1000,1000,1000,0,0,0,0,0,0,0,0,0,0,0,0,0,0,0,1681471074
3975219,3972473,3966064,3990020,3600000,3600000,3600000,3600000,3600000,3600000,3600000,3964233,3975677,3979034,517,757,765,763,760,167,167,167,167,167,167,167,761,767,767,1000,1000,1000,1000,1000,1000,1000,1000,1000,1000,1000,1000,1000,1000,0,0,0,0,0,0,0,0,0,0,0,0,0,0,0,1681471075
3975219,3972625,3964996,3989562,3600000,3600000,3600000,3600000,3600000,3600000,3600000,3963623,3975372,3979187,514,757,765,763,760,167,167,167,167,167,167,167,761,767,767,1000,1000,1000,1000,1000,1000,1000,1000,1000,1000,1000,1000,1000,1000,0,0,0,0,0,0,0,0,0,0,0,0,0,0,0,1681471076
3975219,3972778,3965606,3989715,3600000,3600000,3600000,3600000,3600000,3600000,3600000,3963775,3975219,3978729,513,757,765,763,760,167,167,167,167,167,167,167,761,767,767,1000,1000,1000,1000,1000,1000,1000,1000,1000,1000,1000,1000,1000,1000,0,0,0,0,0,0,0,0,0,0,0,0,0,0,0,1681471077
3974761,3971557,3965606,3989410,3600000,3600000,3600000,3600000,3600000,3600000,3600000,3963623,3975677,3978729,516,757,765,763,760,167,167,167,167,167,167,167,761,767,767,1000,1000,1000,1000,1000,1000,1000,1000,1000,1000,1000,1000,1000,1000,0,0,0,0,0,0,0,0,0,0,0,0,0,0,0,1681471078
3974456,3972625,3966369,3989715,3600000,3600000,3600000,3600000,3600000,3600000,3600000,3963775,3975830,3978271,513,757,765,763,760,167,167,167,167,167,167,167,761,767,767,1000,1000,1000,1000,1000,1000,1000,1000,1000,1000,1000,1000,1000,1000,0,0,0,0,0,0,0,0,0,0,0,0,0,0,0,1681471079
3975830,3973236,3966064,3990173,3600000,3600000,3600000,3600000,3600000,3600000,3600000,3963775,3975524,3979644,511,757,765,763,760,167,167,167,167,167,167,167,761,767,767,1000,1000,1000,1000,1000,1000,1000,1000,1000,1000,1000,1000,1000,1000,0,0,0,0,0,0,0,0,0,0,0,0,0,0,0,1681471080
3974914,3972625,3965454,3989105,3600000,3600000,3600000,3600000,3600000,3600000,3600000,3964080,3975524,3978729,515,757,765,763,760,167,167,167,167,167,167,167,761,767,767,1000,1000,1000,1000,1000,1000,1000,1000,1000,1000,1000,1000,1000,1000,0,0,0,0,0,0,0,0,0,0,0,0,0,0,0,1681471081
3975067,3972473,3965301,3989105,3600000,3600000,3600000,3600000,3600000,3600000,3600000,3963623,3975677,3978424,515,757,765,763,760,167,167,167,167,167,167,167,761,767,767,1000,1000,1000,1000,1000,1000,1000,1000,1000,1000,1000,1000,1000,1000,0,0,0,0,0,0,0,0,0,0,0,0,0,0,0,1681471082
3975219,3972473,3965301,3988952,3600000,3600000,3600000,3600000,3600000,3600000,3600000,3963623,3974761,3978424,512,757,765,763,760,167,167,167,167,167,167,167,761,767,767,1000,1000,1000,1000,1000,1000,1000,1000,1000,1000,1000,1000,1000,1000,0,0,0,0,0,0,0,0,0,0,0,0,0,0,0,1681471083
3974914,3972473,3965454,3990020,3600000,3600000,3600000,3600000,3600000,3600000,3600000,3963165,3975524,3979034,514,757,765,763,760,167,167,167,167,167,167,167,761,767,767,1000,1000,1000,1000,1000,1000,1000,1000,1000,1000,1000,1000,1000,1000,0,0,0,0,0,0,0,0,0,0,0,0,0,0,0,1681471084
3975067,3972320,3965911,3989410,3600000,3600000,3600000,3600000,3600000,3600000,3600000,3963317,3975524,3978271,513,757,765,763,760,167,167,167,167,167,167,167,761,767,767,1000,1000,1000,1000,1000,1000,1000,1000,1000,1000,1000,1000,1000,1000,0,0,0,0,0,0,0,0,0,0,0,0,0,0,0,1681471085
3975067,3972625,3965148,3988952,3600000,3600000,3600000,3600000,3600000,3600000,3600000,3963012,3975830,3979644,512,757,765,763,760,167,167,167,167,167,167,167,761,767,767,1000,1000,1000,1000,1000,1000,1000,1000,1000,1000,1000,1000,1000,1000,0,0,0,0,0,0,0,0,0,0,0,0,0,0,0,1681471086
3974761,3972320,3964691,3988647,3600000,3600000,3600000,3600000,3600000,3600000,3600000,3962860,3975372,3978424,517,757,765,763,760,167,167,167,167,167,167,167,761,767,767,1000,1000,1000,1000,1000,1000,1000,1000,1000,1000,1000,1000,1000,1000,0,0,0,0,0,0,0,0,0,0,0,0,0,0,0,1681471087
3975372,3972625,3965454,3988800,3600000,3600000,3600000,3600000,3600000,3600000,3600000,3963470,3975219,3978118,515,757,765,763,760,167,167,167,167,167,167,167,761,767,767,1000,1000,1000,1000,1000,1000,1000,1000,1000,1000,1000,1000,1000,1000,0,0,0,0,0,0,0,0,0,0,0,0,0,0,0,1681471088
3974761,3972320,3964996,3989257,3600000,3600000,3600000,3600000,3600000,3600000,3600000,3963623,3974761,3978271,516,757,765,763,760,167,167,167,167,167,167,167,761,767,767,1000,1000,1000,1000,1000,1000,1000,1000,1000,1000,1000,1000,1000,1000,0,0,0,0,0,0,0,0,0,0,0,0,0,0,0,1681471089
3975372,3972625,3965301,3989562,3600000,3600000,3600000,3600000,3600000,3600000,3600000,3962860,3974914,3978118,514,757,765,763,760,167,167,167,167,167,167,167,761,767,767,1000,1000,1000,1000,1000,1000,1000,1000,1000,1000,1000,1000,1000,1000,0,0,0,0,0,0,0,0,0,0,0,0,0,0,0,1681471090
3974609,3972778,3964691,3988952,3600000,3600000,3600000,3600000,3600000,3600000,3600000,3963012,3974609,3977966,515,756,764,762,759,166,166,166,166,166,166,166,760,766,766,1000,1000,1000,1000,1000,1000,1000,1000,1000,1000,1000,1000,1000,1000,0,0,0,0,0,0,0,0,0,0,0,0,0,0,0,1681471091
3973999,3972167,3965301,3989257,3600000,3600000,3600000,3600000,3600000,3600000,3600000,3963317,3974304,3977813,518,756,764,762,759,166,166,166,166,166,166,166,760,766,766,1000,1000,1000,1000,1000,1000,1000,1000,1000,1000,1000,1000,1000,1000,0,0,0,0,0,0,0,0,0,0,0,0,0,0,0,1681471092
3974456,3972015,3965606,3989410,3600000,3600000,3600000,3600000,3600000,3600000,3600000,3963317,3974914,3977661,512,756,764,762,759,166,166,166,166,166,166,166,760,766,766,1000,1000,1000,1000,1000,1000,1000,1000,1000,1000,1000,1000,1000,1000,0,0,0,0,0,0,0,0,0,0,0,0,0,0,0,1681471093
3974304,3972320,3965301,3989105,3600000,3600000,3600000,3600000,3600000,3600000,3600000,3963623,3975372,3977966,513,756,764,762,759,166,166,166,166,166,166,166,760,766,766,1000,1000,1000,1000,1000,1000,1000,1000,1000,1000,1000,1000,1000,1000,0,0,0,0,0,0,0,0,0,0,0,0,0,0,0,1681471094
3973999,3971557,3964843,3989105,3600000,3600000,3600000,3600000,3600000,3600000,3600000,3963317,3975219,3978424,514,756,764,762,759,166,166,166,166,166,166,166,760,766,766,1000,1000,1000,1000,1000,1000,1000,1000,1000,1000,1000,1000,1000,1000,0,0,0,0,0,0,0,0,0,0,0,0,0,0,0,1681471095
3974456,3972015,3965301,3988342,3600000,3600000,3600000,3600000,3600000,3600000,3600000,3963470,3974609,3978118,515,756,764,762,759,166,166,166,166,166,166,166,760,766,766,1000,1000,1000,1000,1000,1000,1000,1000,1000,1000,1000,1000,1000,1000,0,0,0,0,0,0,0,0,0,0,0,0,0,0,0,1681471096
3974304,3971862,3965454,3988800,3600000,3600000,3600000,3600000,3600000,3600000,3600000,3963775,3974914,3978576,515,756,764,762,759,166,166,166,166,166,166,166,760,766,766,1000,1000,1000,1000,1000,1000,1000,1000,1000,1000,1000,1000,1000,1000,0,0,0,0,0,0,0,0,0,0,0,0,0,0,0,1681471097
3975067,3972167,3965148,3988800,3600000,3600000,3600000,3600000,3600000,3600000,3600000,3962707,3975372,3978424,512,756,764,762,759,166,166,166,166,166,166,166,760,766,766,1000,1000,1000,1000,1000,1000,1000,1000,1000,1000,1000,1000,1000,1000,0,0,0,0,0,0,0,0,0,0,0,0,0,0,0,1681471098
3974761,3971710,3965148,3989257,3600000,3600000,3600000,3600000,3600000,3600000,3600000,3963165,3974456,3977966,514,756,764,762,759,166,166,166,166,166,166,166,760,766,766,1000,1000,1000,1000,1000,1000,1000,1000,1000,1000,1000,1000,1000,1000,0,0,0,0,0,0,0,0,0,0,0,0,0,0,0,1681471099
3973846,3971557,3964538,3988647,3600000,3600000,3600000,3600000,3600000,3600000,3600000,3961944,3974456,3977050,519,756,764,762,759,166,166,166,166,166,166,166,760,766,766,1000,1000,1000,1000,1000,1000,1000,1000,1000,1000,1000,1000,1000,1000,0,0,0,0,0,0,0,0,0,0,0,0,0,0,0,1681471100
3974151,3971862,3965301,3988647,3600000,3600000,3600000,3600000,3600000,3600000,3600000,3962707,3974304,3978271,513,756,764,762,759,166,166,166,166,166,166,166,760,766,766,1000,1000,1000,1000,1000,1000,1000,1000,1000,1000,1000,1000,1000,1000,0,0,0,0,0,0,0,0,0,0,0,0,0,0,0,1681471101
3974761,3971405,3964843,3988494,3600000,3600000,3600000,3600000,3600000,3600000,3600000,3962707,3974761,3978424,513,756,764,762,759,166,166,166,166,166,166,166,760,766,766,1000,1000,1000,1000,1000,1000,1000,1000,1000,1000,1000,1000,1000,1000,0,0,0,0,0,0,0,0,0,0,0,0,0,0,0,1681471102
3974456,3972015,3964843,3989105,3600000,3600000,3600000,3600000,3600000,3600000,3600000,3962402,3974456,3977508,514,756,764,762,759,166,166,166,166,166,166,166,760,766,766,1000,1000,1000,1000,1000,1000,1000,1000,1000,1000,1000,1000,1000,1000,0,0,0,0,0,0,0,0,0,0,0,0,0,0,0,1681471103
3973999,3972320,3965301,3989105,3600000,3600000,3600000,3600000,3600000,3600000,3600000,3963317,3974914,3978271,510,756,764,762,759,166,166,166,166,166,166,166,760,766,766,1000,1000,1000,1000,1000,1000,1000,1000,1000,1000,1000,1000,1000,1000,0,0,0,0,0,0,0,0,0,0,0,0,0,0,0,1681471104
3973693,3972015,3965454,3989257,3600000,3600000,3600000,3600000,3600000,3600000,3600000,3962860,3974456,3977813,515,756,764,762,759,166,166,166,166,166,166,166,760,766,766,1000,1000,1000,1000,1000,1000,1000,1000,1000,1000,1000,1000,1000,1000,0,0,0,0,0,0,0,0,0,0,0,0,0,0,0,1681471105
3973388,3970947,3963775,3988189,3600000,3600000,3600000,3600000,3600000,3600000,3600000,3961639,3974151,3977508,518,756,764,762,759,166,166,166,166,166,166,166,760,766,766,1000,1000,1000,1000,1000,1000,1000,1000,1000,1000,1000,1000,1000,1000,0,0,0,0,0,0,0,0,0,0,0,0,0,0,0,1681471106
3973388,3971710,3964233,3988952,3600000,3600000,3600000,3600000,3600000,3600000,3600000,3963165,3974151,3977508,515,756,764,762,759,166,166,166,166,166,166,166,760,766,766,1000,1000,1000,1000,1000,1000,1000,1000,1000,1000,1000,1000,1000,1000,0,0,0,0,0,0,0,0,0,0,0,0,0,0,0,1681471107
3974304,3971710,3964385,3989410,3600000,3600000,3600000,3600000,3600000,3600000,3600000,3962707,3974456,3977813,515,756,764,762,759,166,166,166,166,166,166,166,760,766,766,1000,1000,1000,1000,1000,1000,1000,1000,1000,1000,1000,1000,1000,1000,0,0,0,0,0,0,0,0,0,0,0,0,0,0,0,1681471108
3973999,3972015,3965301,3989410,3600000,3600000,3600000,3600000,3600000,3600000,3600000,3963012,3974609,3977661,513,756,764,762,759,166,166,166,166,166,166,166,760,766,766,1000,1000,1000,1000,1000,1000,1000,1000,1000,1000,1000,1000,1000,1000,0,0,0,0,0,0,0,0,0,0,0,0,0,0,0,1681471109
3974456,3972015,3964843,3988647,3600000,3600000,3600000,3600000,3600000,3600000,3600000,3963165,3974914,3977966,510,755,763,761,758,165,165,165,165,165,165,165,759,765,765,1000,1000,1000,1000,1000,1000,1000,1000,1000,1000,1000,1000,1000,1000,0,0,0,0,0,0,0,0,0,0,0,0,0,0,0,1681471110
3973541,3971862,3964233,3987731,3600000,3600000,3600000,3600000,3600000,3600000,3600000,3962402,3973693,3977508,517,755,763,761,758,165,165,165,165,165,165,165,759,765,765,1000,1000,1000,1000,1000,1000,1000,1000,1000,1000,1000,1000,1000,1000,0,0,0,0,0,0,0,0,0,0,0,0,0,0,0,1681471111
3973693,3971099,3964233,3988037,3600000,3600000,3600000,3600000,3600000,3600000,3600000,3962402,3973846,3977508,514,755,763,761,758,165,165,165,165,165,165,165,759,765,765,1000,1000,1000,1000,1000,1000,1000,1000,1000,1000,1000,1000,1000,1000,0,0,0,0,0,0,0,0,0,0,0,0,0,0,0,1681471112
3974151,3971405,3965301,3988800,3600000,3600000,3600000,3600000,3600000,3600000,3600000,3962554,3974761,3977813,512,755,763,761,758,165,165,165,165,165,165,165,759,765,765,1000,1000,1000,1000,1000,1000,1000,1000,1000,1000,1000,1000,1000,1000,0,0,0,0,0,0,0,0,0,0,0,0,0,0,0,1681471113
3973999,3971557,3964080,3988189,3600000,3600000,3600000,3600000,3600000,3600000,3600000,3962707,3973999,3977661,516,755,763,761,758,165,165,165,165,165,165,165,759,765,765,1000,1000,1000,1000,1000,1000,1000,1000,1000,1000,1000,1000,1000,1000,0,0,0,0,0,0,0,0,0,0,0,0,0,0,0,1681471114
3973388,3971099,3964385,3988800,3600000,3600000,3600000,3600000,3600000,3600000,3600000,3962554,3974609,3977203,515,755,763,761,758,165,165,165,165,165,165,165,759,765,765,1000,1000,1000,1000,1000,1000,1000,1000,1000,1000,1000,1000,1000,1000,0,0,0,0,0,0,0,0,0,0,0,0,0,0,0,1681471115
3973999,3970947,3964538,3988647,3600000,3600000,3600000,3600000,3600000,3600000,3600000,3962097,3974304,3977508,513,755,763,761,758,165,165,165,165,165,165,165,759,765,765,1000,1000,1000,1000,1000,1000,1000,1000,1000,1000,1000,1000,1000,1000,0,0,0,0,0,0,0,0,0,0,0,0,0,0,0,1681471116
3973846,3971252,3964080,3988342,3600000,3600000,3600000,3600000,3600000,3600000,3600000,3962249,3973693,3977661,513,755,763,761,758,165,165,165,165,165,165,165,759,765,765,1000,1000,1000,1000,1000,1000,1000,1000,1000,1000,1000,1000,1000,1000,0,0,0,0,0,0,0,0,0,0,0,0,0,0,0,1681471117
3973541,3971557,3965606,3988494,3600000,3600000,3600000,3600000,3600000,3600000,3600000,3962707,3973999,3977661,512,755,763,761,758,165,165,165,165,165,165,165,759,765,765,1000,1000,1000,1000,1000,1000,1000,1000,1000,1000,1000,1000,1000,1000,0,0,0,0,0,0,0,0,0,0,0,0,0,0,0,1681471118
3973693,3970642,3964233,3988037,3600000,3600000,3600000,3600000,3600000,3600000,3600000,3962402,3974151,3977966,513,755,763,761,758,165,165,165,165,165,165,165,759,765,765,1000,1000,1000,1000,1000,1000,1000,1000,1000,1000,1000,1000,1000,1000,0,0,0,0,0,0,0,0,0,0,0,0,0,0,0,1681471119
3974914,3971405,3964843,3988037,3600000,3600000,3600000,3600000,3600000,3600000,3600000,3962402,3974609,3977355,510,755,763,761,758,165,165,165,165,165,165,165,759,765,765,1000,1000,1000,1000,1000,1000,1000,1000,1000,1000,1000,1000,1000,1000,0,0,0,0,0,0,0,0,0,0,0,0,0,0,0,1681471120
3973388,3971252,3964385,3987731,3600000,3600000,3600000,3600000,3600000,3600000,3600000,3962554,3973541,3977050,512,755,763,761,758,165,165,165,165,165,165,165,759,765,765,1000,1000,1000,1000,1000,1000,1000,1000,1000,1000,1000,1000,1000,1000,0,0,0,0,0,0,0,0,0,0,0,0,0,0,0,1681471121
3973693,3971557,3963928,3988342,3600000,3600000,3600000,3600000,3600000,3600000,3600000,3962402,3973388,3976745,514,755,763,761,758,165,165,165,165,165,165,165,759,765,765,1000,1000,1000,1000,1000,1000,1000,1000,1000,1000,1000,1000,1000,1000,0,0,0,0,0,0,0,0,0,0,0,0,0,0,0,1681471122
3973846,3971405,3964538,3988342,3600000,3600000,3600000,3600000,3600000,3600000,3600000,3962860,3974761,3978424,508,755,763,761,758,165,165,165,165,165,165,165,759,765,765,1000,1000,1000,1000,1000,1000,1000,1000,1000,1000,1000,1000,1000,1000,0,0,0,0,0,0,0,0,0,0,0,0,0,0,0,1681471123
3974151,3972625,3964996,3988037,3600000,3600000,3600000,3600000,3600000,3600000,3600000,3962554,3974456,3977508,507,755,763,761,758,165,165,165,165,165,165,165,759,765,765,1000,1000,1000,1000,1000,1000,1000,1000,1000,1000,1000,1000,1000,1000,0,0,0,0,0,0,0,0,0,0,0,0,0,0,0,1681471124
3973693,3970947,3964538,3988037,3600000,3600000,3600000,3600000,3600000,3600000,3600000,3962097,3974304,3977508,509,755,763,761,758,165,165,165,165,165,165,165,759,765,765,1000,1000,1000,1000,1000,1000,1000,1000,1000,1000,1000,1000,1000,1000,0,0,0,0,0,0,0,0,0,0,0,0,0,0,0,1681471125
3973999,3971405,3965911,3989105,3600000,3600000,3600000,3600000,3600000,3600000,3600000,3962554,3974304,3977355,507,755,763,761,758,165,165,165,165,165,165,165,759,765,765,1000,1000,1000,1000,1000,1000,1000,1000,1000,1000,1000,1000,1000,1000,0,0,0,0,0,0,0,0,0,0,0,0,0,0,0,1681471126
3973999,3970947,3964233,3988647,3600000,3600000,3600000,3600000,3600000,3600000,3600000,3962097,3974456,3977966,512,755,763,761,758,165,165,165,165,165,165,165,759,765,765,1000,1000,1000,1000,1000,1000,1000,1000,1000,1000,1000,1000,1000,1000,0,0,0,0,0,0,0,0,0,0,0,0,0,0,0,1681471127
3972930,3970947,3964080,3988189,3600000,3600000,3600000,3600000,3600000,3600000,3600000,3961181,3973541,3976287,514,755,763,761,758,165,165,165,165,165,165,165,759,765,765,1000,1000,1000,1000,1000,1000,1000,1000,1000,1000,1000,1000,1000,1000,0,0,0,0,0,0,0,0,0,0,0,0,0,0,0,1681471128
3973083,3971252,3964080,3988037,3600000,3600000,3600000,3600000,3600000,3600000,3600000,3961944,3973541,3977203,511,755,763,761,758,165,165,165,165,165,165,165,759,765,765,1000,1000,1000,1000,1000,1000,1000,1000,1000,1000,1000,1000,1000,1000,0,0,0,0,0,0,0,0,0,0,0,0,0,0,0,1681471129
3973236,3970489,3963775,3987884,3600000,3600000,3600000,3600000,3600000,3600000,3600000,3962097,3973846,3977508,512,754,762,760,757,164,164,164,164,164,164,164,758,764,764,1000,1000,1000,1000,1000,1000,1000,1000,1000,1000,1000,1000,1000,1000,0,0,0,0,0,0,0,0,0,0,0,0,0,0,0,1681471130
3972778,3970794,3963623,3987579,3600000,3600000,3600000,3600000,3600000,3600000,3600000,3961944,3973999,3977203,513,754,762,760,757,164,164,164,164,164,164,164,758,764,764,1000,1000,1000,1000,1000,1000,1000,1000,1000,1000,1000,1000,1000,1000,0,0,0,0,0,0,0,0,0,0,0,0,0,0,0,1681471131
3973693,3971252,3964233,3988494,3600000,3600000,3600000,3600000,3600000,3600000,3600000,3962249,3973999,3977050,510,754,762,760,757,164,164,164,164,164,164,164,758,764,764,1000,1000,1000,1000,1000,1000,1000,1000,1000,1000,1000,1000,1000,1000,0,0,0,0,0,0,0,0,0,0,0,0,0,0,0,1681471132
3973541,3971252,3964080,3987731,3600000,3600000,3600000,3600000,3600000,3600000,3600000,3961791,3973999,3976898,511,754,762,760,757,164,164,164,164,164,164,164,758,764,764,1000,1000,1000,1000,1000,1000,1000,1000,1000,1000,1000,1000,1000,1000,0,0,0,0,0,0,0,0,0,0,0,0,0,0,0,1681471133
3973388,3971099,3963470,3986816,3600000,3600000,3600000,3600000,3600000,3600000,3600000,3961791,3973541,3976593,513,754,762,760,757,164,164,164,164,164,164,164,758,764,764,1000,1000,1000,1000,1000,1000,1000,1000,1000,1000,1000,1000,1000,1000,0,0,0,0,0,0,0,0,0,0,0,0,0,0,0,1681471134
3973236,3970794,3963165,3987274,3600000,3600000,3600000,3600000,3600000,3600000,3600000,3961181,3973236,3977050,514,754,762,760,757,164,164,164,164,164,164,164,758,764,764,1000,1000,1000,1000,1000,1000,1000,1000,1000,1000,1000,1000,1000,1000,0,0,0,0,0,0,0,0,0,0,0,0,0,0,0,1681471135
3972625,3970184,3963470,3988189,3600000,3600000,3600000,3600000,3600000,3600000,3600000,3961486,3973388,3977203,514,754,762,760,757,164,164,164,164,164,164,164,758,764,764,1000,1000,1000,1000,1000,1000,1000,1000,1000,1000,1000,1000,1000,1000,0,0,0,0,0,0,0,0,0,0,0,0,0,0,0,1681471136
3972778,3970794,3963775,3987426,3600000,3600000,3600000,3600000,3600000,3600000,3600000,3962402,3973999,3976898,512,754,762,760,757,164,164,164,164,164,164,164,758,764,764,1000,1000,1000,1000,1000,1000,1000,1000,1000,1000,1000,1000,1000,1000,0,0,0,0,0,0,0,0,0,0,0,0,0,0,0,1681471137
3972473,3970031,3963928,3987274,3600000,3600000,3600000,3600000,3600000,3600000,3600000,3961334,3973388,3976898,514,754,762,760,757,164,164,164,164,164,164,164,758,764,764,1000,1000,1000,1000,1000,1000,1000,1000,1000,1000,1000,1000,1000,1000,0,0,0,0,0,0,0,0,0,0,0,0,0,0,0,1681471138
3972930,3970336,3963775,3987731,3600000,3600000,3600000,3600000,3600000,3600000,3600000,3961181,3973541,3976898,514,754,762,760,757,164,164,164,164,164,164,164,758,764,764,1000,1000,1000,1000,1000,1000,1000,1000,1000,1000,1000,1000,1000,1000,0,0,0,0,0,0,0,0,0,0,0,0,0,0,0,1681471139
3972930,3970489,3963317,3986816,3600000,3600000,3600000,3600000,3600000,3600000,3600000,3961791,3972930,3976440,513,754,762,760,757,164,164,164,164,164,164,164,758,764,764,1000,1000,1000,1000,1000,1000,1000,1000,1000,1000,1000,1000,1000,1000,0,0,0,0,0,0,0,0,0,0,0,0,0,0,0,1681471140
3972320,3970336,3963012,3987274,3600000,3600000,3600000,3600000,3600000,3600000,3600000,3960876,3973693,3977203,514,754,762,760,757,164,164,164,164,164,164,164,758,764,764,1000,1000,1000,1000,1000,1000,1000,1000,1000,1000,1000,1000,1000,1000,0,0,0,0,0,0,0,0,0,0,0,0,0,0,0,1681471141
3972625,3970184,3963012,3987579,3600000,3600000,3600000,3600000,3600000,3600000,3600000,3961639,3973541,3976440,514,754,762,760,757,164,164,164,164,164,164,164,758,764,764,1000,1000,1000,1000,1000,1000,1000,1000,1000,1000,1000,1000,1000,1000,0,0,0,0,0,0,0,0,0,0,0,0,0,0,0,1681471142
3972930,3970031,3963317,3987274,3600000,3600000,3600000,3600000,3600000,3600000,3600000,3961791,3973236,3976135,514,754,762,760,757,164,164,164,164,164,164,164,758,764,764,1000,1000,1000,1000,1000,1000,1000,1000,1000,1000,1000,1000,1000,1000,0,0,0,0,0,0,0,0,0,0,0,0,0,0,0,1681471143
3973083,3970489,3963775,3987579,3600000,3600000,3600000,3600000,3600000,3600000,3600000,3961181,3973083,3976287,513,754,762,760,757,164,164,164,164,164,164,164,758,764,764,1000,1000,1000,1000,1000,1000,1000,1000,1000,1000,1000,1000,1000,1000,0,0,0,0,0,0,0,0,0,0,0,0,0,0,0,1681471144
3972778,3970489,3962860,3986968,3600000,3600000,3600000,3600000,3600000,3600000,3600000,3961181,3972473,3976593,514,754,762,760,757,164,164,164,164,164,164,164,758,764,764,1000,1000,1000,1000,1000,1000,1000,1000,1000,1000,1000,1000,1000,1000,0,0,0,0,0,0,0,0,0,0,0,0,0,0,0,1681471145
3973083,3970947,3963317,3987884,3600000,3600000,3600000,3600000,3600000,3600000,3600000,3961181,3973083,3977050,512,754,762,760,757,164,164,164,164,164,164,164,758,764,764,1000,1000,1000,1000,1000,1000,1000,1000,1000,1000,1000,1000,1000,1000,0,0,0,0,0,0,0,0,0,0,0,0,0,0,0,1681471146
3973083,3970642,3963165,3986968,3600000,3600000,3600000,3600000,3600000,3600000,3600000,3961029,3972473,3976287,512,754,762,760,757,164,164,164,164,164,164,164,758,764,764,1000,1000,1000,1000,1000,1000,1000,1000,1000,1000,1000,1000,1000,1000,0,0,0,0,0,0,0,0,0,0,0,0,0,0,0,1681471147
3972167,3969268,3963623,3987274,3600000,3600000,3600000,3600000,3600000,3600000,3600000,3961029,3973083,3976287,516,754,762,760,757,164,164,164,164,164,164,164,758,764,764,1000,1000,1000,1000,1000,1000,1000,1000,1000,1000,1000,1000,1000,1000,0,0,0,0,0,0,0,0,0,0,0,0,0,0,0,1681471148
3972625,3970336,3962860,3986968,3600000,3600000,3600000,3600000,3600000,3600000,3600000,3961181,3972167,3976135,516,754,762,760,757,164,164,164,164,164,164,164,758,764,764,1000,1000,1000,1000,1000,1000,1000,1000,1000,1000,1000,1000,1000,1000,0,0,0,0,0,0,0,0,0,0,0,0,0,0,0,1681471149
3972320,3970031,3962860,3986663,3600000,3600000,3600000,3600000,3600000,3600000,3600000,3960723,3972778,3976593,515,753,761,759,756,163,163,163,163,163,163,163,757,763,763,1000,1000,1000,1000,1000,1000,1000,1000,1000,1000,1000,1000,1000,1000,0,0,0,0,0,0,0,0,0,0,0,0,0,0,0,1681471150
3972778,3970336,3963165,3987121,3600000,3600000,3600000,3600000,3600000,3600000,3600000,3960723,3973083,3975982,513,753,761,759,756,163,163,163,163,163,163,163,757,763,763,1000,1000,1000,1000,1000,1000,1000,1000,1000,1000,1000,1000,1000,1000,0,0,0,0,0,0,0,0,0,0,0,0,0,0,0,1681471151
3972015,3970489,3962554,3986968,3600000,3600000,3600000,3600000,3600000,3600000,3600000,3960571,3972473,3975677,516,753,761,759,756,163,163,163,163,163,163,163,757,763,763,1000,1000,1000,1000,1000,1000,1000,1000,1000,1000,1000,1000,1000,1000,0,0,0,0,0,0,0,0,0,0,0,0,0,0,0,1681471152
3972778,3970642,3963470,3987579,3600000,3600000,3600000,3600000,3600000,3600000,3600000,3960876,3972930,3976287,514,753,761,759,756,163,163,163,163,163,163,163,757,763,763,1000,1000,1000,1000,1000,1000,1000,1000,1000,1000,1000,1000,1000,1000,0,0,0,0,0,0,0,0,0,0,0,0,0,0,0,1681471153
3972167,3970184,3963012,3986511,3600000,3600000,3600000,3600000,3600000,3600000,3600000,3961029,3973236,3976287,511,753,761,759,756,163,163,163,163,163,163,163,757,763,763,1000,1000,1000,1000,1000,1000,1000,1000,1000,1000,1000,1000,1000,1000,0,0,0,0,0,0,0,0,0,0,0,0,0,0,0,1681471154
3972625,3970336,3962554,3986358,3600000,3600000,3600000,3600000,3600000,3600000,3600000,3960876,3972625,3975982,513,753,761,759,756,163,163,163,163,163,163,163,757,763,763,1000,1000,1000,1000,1000,1000,1000,1000,1000,1000,1000,1000,1000,1000,0,0,0,0,0,0,0,0,0,0,0,0,0,0,0,1681471155
3972625,3970336,3962860,3987121,3600000,3600000,3600000,3600000,3600000,3600000,3600000,3960571,3972167,3975524,514,753,761,759,756,163,163,163,163,163,163,163,757,763,763,1000,1000,1000,1000,1000,1000,1000,1000,1000,1000,1000,1000,1000,1000,0,0,0,0,0,0,0,0,0,0,0,0,0,0,0,1681471156
3972473,3970031,3962554,3986968,3600000,3600000,3600000,3600000,3600000,3600000,3600000,3960418,3972473,3975677,513,753,761,759,756,163,163,163,163,163,163,163,757,763,763,1000,1000,1000,1000,1000,1000,1000,1000,1000,1000,1000,1000,1000,1000,0,0,0,0,0,0,0,0,0,0,0,0,0,0,0,1681471157
3972473,3970489,3963012,3987121,3600000,3600000,3600000,3600000,3600000,3600000,3600000,3961181,3972015,3975524,513,753,761,759,756,163,163,163,163,163,163,163,757,763,763,1000,1000,1000,1000,1000,1000,1000,1000,1000,1000,1000,1000,1000,1000,0,0,0,0,0,0,0,0,0,0,0,0,0,0,0,1681471158
3971862,3969268,3962554,3986511,3600000,3600000,3600000,3600000,3600000,3600000,3600000,3960418,3972167,3975524,515,753,761,759,756,163,163,163,163,163,163,163,757,763,763,1000,1000,1000,1000,1000,1000,1000,1000,1000,1000,1000,1000,1000,1000,0,0,0,0,0,0,0,0,0,0,0,0,0,0,0,1681471159
3972015,3969573,3963012,3986816,3600000,3600000,3600000,3600000,3600000,3600000,3600000,3960876,3972625,3976440,512,753,761,759,756,163,163,163,163,163,163,163,757,763,763,1000,1000,1000,1000,1000,1000,1000,1000,1000,1000,1000,1000,1000,1000,0,0,0,0,0,0,0,0,0,0,0,0,0,0,0,1681471160
3972015,3969879,3963317,3986663,3600000,3600000,3600000,3600000,3600000,3600000,3600000,3960723,3972167,3975982,513,753,761,759,756,163,163,163,163,163,163,163,757,763,763,1000,1000,1000,1000,1000,1000,1000,1000,1000,1000,1000,1000,1000,1000,0,0,0,0,0,0,0,0,0,0,0,0,0,0,0,1681471161
3972625,3969573,3962554,3986663,3600000,3600000,3600000,3600000,3600000,3600000,3600000,3960113,3972778,3975677,513,753,761,759,756,163,163,163,163,163,163,163,757,763,763,1000,1000,1000,1000,1000,1000,1000,1000,1000,1000,1000,1000,1000,1000,0,0,0,0,0,0,0,0,0,0,0,0,0,0,0,1681471162
3971710,3969421,3962554,3986358,3600000,3600000,3600000,3600000,3600000,3600000,3600000,3959655,3972473,3975524,515,753,761,759,756,163,163,163,163,163,163,163,757,763,763,1000,1000,1000,1000,1000,1000,1000,1000,1000,1000,1000,1000,1000,1000,0,0,0,0,0,0,0,0,0,0,0,0,0,0,0,1681471163
3972015,3969421,3962249,3986053,3600000,3600000,3600000,3600000,3600000,3600000,3600000,3960571,3972015,3975830,515,753,761,759,756,163,163,163,163,163,163,163,757,763,763,1000,1000,1000,1000,1000,1000,1000,1000,1000,1000,1000,1000,1000,1000,0,0,0,0,0,0,0,0,0,0,0,0,0,0,0,1681471164
3972473,3969879,3962707,3986053,3600000,3600000,3600000,3600000,3600000,3600000,3600000,3960723,3972625,3976440,511,753,761,759,756,163,163,163,163,163,163,163,757,763,763,1000,1000,1000,1000,1000,1000,1000,1000,1000,1000,1000,1000,1000,1000,0,0,0,0,0,0,0,0,0,0,0,0,0,0,0,1681471165
3972320,3969879,3963012,3986663,3600000,3600000,3600000,3600000,3600000,3600000,3600000,3960723,3972320,3975372,513,753,761,759,756,163,163,163,163,163,163,163,757,763,763,1000,1000,1000,1000,1000,1000,1000,1000,1000,1000,1000,1000,1000,1000,0,0,0,0,0,0,0,0,0,0,0,0,0,0,0,1681471166
3971710,3969421,3962249,3986358,3600000,3600000,3600000,3600000,3600000,3600000,3600000,3960876,3972015,3975830,513,753,761,759,756,163,163,163,163,163,163,163,757,763,763,1000,1000,1000,1000,1000,1000,1000,1000,1000,1000,1000,1000,1000,1000,0,0,0,0,0,0,0,0,0,0,0,0,0,0,0,1681471167
3971710,3969116,3962554,3986511,3600000,3600000,3600000,3600000,3600000,3600000,3600000,3960266,3972473,3975830,515,753,761,759,756,163,163,163,163,163,163,163,757,763,763,1000,1000,1000,1000,1000,1000,1000,1000,1000,1000,1000,1000,1000,1000,0,0,0,0,0,0,0,0,0,0,0,0,0,0,0,1681471168
3971710,3969573,3962249,3986206,3600000,3600000,3600000,3600000,3600000,3600000,3600000,3960266,3972320,3975982,513,753,761,759,756,163,163,163,163,163,163,163,757,763,763,1000,1000,1000,1000,1000,1000,1000,1000,1000,1000,1000,1000,1000,1000,0,0,0,0,0,0,0,0,0,0,0,0,0,0,0,1681471169
3971710,3969116,3962097,3986053,3600000,3600000,3600000,3600000,3600000,3600000,3600000,3960266,3972167,3975372,516,752,760,758,755,162,162,162,162,162,162,162,756,762,762,1000,1000,1000,1000,1000,1000,1000,1000,1000,1000,1000,1000,1000,1000,0,0,0,0,0,0,0,0,0,0,0,0,0,0,0,1681471170
3971405,3969421,3962097,3986053,3600000,3600000,3600000,3600000,3600000,3600000,3600000,3959655,3971862,3974914,514,752,760,758,755,162,162,162,162,162,162,162,756,762,762,1000,1000,1000,1000,1000,1000,1000,1000,1000,1000,1000,1000,1000,1000,0,0,0,0,0,0,0,0,0,0,0,0,0,0,0,1681471171
3971099,3969116,3962402,3986206,3600000,3600000,3600000,3600000,3600000,3600000,3600000,3959960,3972015,3975677,514,752,760,758,755,162,162,162,162,162,162,162,756,762,762,1000,1000,1000,1000,1000,1000,1000,1000,1000,1000,1000,1000,1000,1000,0,0,0,0,0,0,0,0,0,0,0,0,0,0,0,1681471172
3971710,3969573,3961791,3986206,3600000,3600000,3600000,3600000,3600000,3600000,3600000,3959960,3971405,3975830,513,752,760,758,755,162,162,162,162,162,162,162,756,762,762,1000,1000,1000,1000,1000,1000,1000,1000,1000,1000,1000,1000,1000,1000,0,0,0,0,0,0,0,0,0,0,0,0,0,0,0,1681471173
3971862,3969879,3962097,3986206,3600000,3600000,3600000,3600000,3600000,3600000,3600000,3960113,3972320,3975830,514,752,760,758,755,162,162,162,162,162,162,162,756,762,762,1000,1000,1000,1000,1000,1000,1000,1000,1000,1000,1000,1000,1000,1000,0,0,0,0,0,0,0,0,0,0,0,0,0,0,0,1681471174
3971710,3969573,3962554,3986053,3600000,3600000,3600000,3600000,3600000,3600000,3600000,3960723,3972320,3975524,512,752,760,758,755,162,162,162,162,162,162,162,756,762,762,1000,1000,1000,1000,1000,1000,1000,1000,1000,1000,1000,1000,1000,1000,0,0,0,0,0,0,0,0,0,0,0,0,0,0,0,1681471175
3971862,3970184,3961944,3985900,3600000,3600000,3600000,3600000,3600000,3600000,3600000,3960571,3972625,3975524,511,752,760,758,755,162,162,162,162,162,162,162,756,762,762,1000,1000,1000,1000,1000,1000,1000,1000,1000,1000,1000,1000,1000,1000,0,0,0,0,0,0,0,0,0,0,0,0,0,0,0,1681471176
3971710,3970031,3962249,3985748,3600000,3600000,3600000,3600000,3600000,3600000,3600000,3959960,3972167,3975067,514,752,760,758,755,162,162,162,162,162,162,162,756,762,762,1000,1000,1000,1000,1000,1000,1000,1000,1000,1000,1000,1000,1000,1000,0,0,0,0,0,0,0,0,0,0,0,0,0,0,0,1681471177
3971557,3969421,3962097,3985900,3600000,3600000,3600000,3600000,3600000,3600000,3600000,3960723,3972473,3975219,511,752,760,758,755,162,162,162,162,162,162,162,756,762,762,1000,1000,1000,1000,1000,1000,1000,1000,1000,1000,1000,1000,1000,1000,0,0,0,0,0,0,0,0,0,0,0,0,0,0,0,1681471178
3971862,3969573,3961944,3985748,3600000,3600000,3600000,3600000,3600000,3600000,3600000,3959960,3972167,3975372,511,752,760,758,755,162,162,162,162,162,162,162,756,762,762,1000,1000,1000,1000,1000,1000,1000,1000,1000,1000,1000,1000,1000,1000,0,0,0,0,0,0,0,0,0,0,0,0,0,0,0,1681471179
3971405,3969726,3962707,3986358,3600000,3600000,3600000,3600000,3600000,3600000,3600000,3960266,3971862,3975982,511,752,760,758,755,162,162,162,162,162,162,162,756,762,762,1000,1000,1000,1000,1000,1000,1000,1000,1000,1000,1000,1000,1000,1000,0,0,0,0,0,0,0,0,0,0,0,0,0,0,0,1681471180
3970947,3968811,3961944,3985595,3600000,3600000,3600000,3600000,3600000,3600000,3600000,3960571,3971252,3974609,512,752,760,758,755,162,162,162,162,162,162,162,756,762,762,1000,1000,1000,1000,1000,1000,1000,1000,1000,1000,1000,1000,1000,1000,0,0,0,0,0,0,0,0,0,0,0,0,0,0,0,1681471181
3970947,3969116,3962249,3986358,3600000,3600000,3600000,3600000,3600000,3600000,3600000,3959655,3972167,3975219,513,752,760,758,755,162,162,162,162,162,162,162,756,762,762,1000,1000,1000,1000,1000,1000,1000,1000,1000,1000,1000,1000,1000,1000,0,0,0,0,0,0,0,0,0,0,0,0,0,0,0,1681471182
3971099,3968963,3961639,3985595,3600000,3600000,3600000,3600000,3600000,3600000,3600000,3959503,3971405,3974456,512,752,760,758,755,162,162,162,162,162,162,162,756,762,762,1000,1000,1000,1000,1000,1000,1000,1000,1000,1000,1000,1000,1000,1000,0,0,0,0,0,0,0,0,0,0,0,0,0,0,0,1681471183
3971099,3969116,3961639,3985595,3600000,3600000,3600000,3600000,3600000,3600000,3600000,3959503,3971710,3975219,513,752,760,758,755,162,162,162,162,162,162,162,756,762,762,1000,1000,1000,1000,1000,1000,1000,1000,1000,1000,1000,1000,1000,1000,0,0,0,0,0,0,0,0,0,0,0,0,0,0,0,1681471184
3970794,3968658,3962554,3986206,3600000,3600000,3600000,3600000,3600000,3600000,3600000,3959503,3971099,3974761,513,752,760,758,755,162,162,162,162,162,162,162,756,762,762,1000,1000,1000,1000,1000,1000,1000,1000,1000,1000,1000,1000,1000,1000,0,0,0,0,0,0,0,0,0,0,0,0,0,0,0,1681471185
3970336,3968505,3961334,3984832,3600000,3600000,3600000,3600000,3600000,3600000,3600000,3959197,3971405,3974609,516,752,760,758,755,162,162,162,162,162,162,162,756,762,762,1000,1000,1000,1000,1000,1000,1000,1000,1000,1000,1000,1000,1000,1000,0,0,0,0,0,0,0,0,0,0,0,0,0,0,0,1681471186
3970489,3968505,3961639,3985595,3600000,3600000,3600000,3600000,3600000,3600000,3600000,3959045,3971099,3974304,514,752,760,758,755,162,162,162,162,162,162,162,756,762,762,1000,1000,1000,1000,1000,1000,1000,1000,1000,1000,1000,1000,1000,1000,0,0,0,0,0,0,0,0,0,0,0,0,0,0,0,1681471187
3971405,3969268,3961639,3985443,3600000,3600000,3600000,3600000,3600000,3600000,3600000,3959655,3971557,3975677,514,752,760,758,755,162,162,162,162,162,162,162,756,762,762,1000,1000,1000,1000,1000,1000,1000,1000,1000,1000,1000,1000,1000,1000,0,0,0,0,0,0,0,0,0,0,0,0,0,0,0,1681471188
3970489,3969421,3961944,3985748,3600000,3600000,3600000,3600000,3600000,3600000,3600000,3959350,3971557,3974761,511,752,760,758,755,162,162,162,162,162,162,162,756,762,762,1000,1000,1000,1000,1000,1000,1000,1000,1000,1000,1000,1000,1000,1000,0,0,0,0,0,0,0,0,0,0,0,0,0,0,0,1681471189
3971557,3968811,3961944,3985900,3600000,3600000,3600000,3600000,3600000,3600000,3600000,3959960,3972320,3975524,511,751,759,757,754,161,161,161,161,161,161,161,755,761,761,1000,1000,1000,1000,1000,1000,1000,1000,1000,1000,1000,1000,1000,1000,0,0,0,0,0,0,0,0,0,0,0,0,0,0,0,1681471190
3970947,3968811,3961639,3985900,3600000,3600000,3600000,3600000,3600000,3600000,3600000,3959350,3971252,3974304,514,751,759,757,754,161,161,161,161,161,161,161,755,761,761,1000,1000,1000,1000,1000,1000,1000,1000,1000,1000,1000,1000,1000,1000,0,0,0,0,0,0,0,0,0,0,0,0,0,0,0,1681471191
3970794,3968963,3962402,3985595,3600000,3600000,3600000,3600000,3600000,3600000,3600000,3959503,3971710,3974761,510,751,759,757,754,161,161,161,161,161,161,161,755,761,761,1000,1000,1000,1000,1000,1000,1000,1000,1000,1000,1000,1000,1000,1000,0,0,0,0,0,0,0,0,0,0,0,0,0,0,0,1681471192
3970947,3969268,3961334,3985137,3600000,3600000,3600000,3600000,3600000,3600000,3600000,3959045,3971099,3974914,514,751,759,757,754,161,161,161,161,161,161,161,755,761,761,1000,1000,1000,1000,1000,1000,1000,1000,1000,1000,1000,1000,1000,1000,0,0,0,0,0,0,0,0,0,0,0,0,0,0,0,1681471193
3970947,3968658,3961639,3985137,3600000,3600000,3600000,3600000,3600000,3600000,3600000,3958892,3971557,3974761,513,751,759,757,754,161,161,161,161,161,161,161,755,761,761,1000,1000,1000,1000,1000,1000,1000,1000,1000,1000,1000,1000,1000,1000,0,0,0,0,0,0,0,0,0,0,0,0,0,0,0,1681471194
3970642,3968963,3961181,3985290,3600000,3600000,3600000,3600000,3600000,3600000,3600000,3959045,3971252,3974761,515,751,759,757,754,161,161,161,161,161,161,161,755,761,761,1000,1000,1000,1000,1000,1000,1000,1000,1000,1000,1000,1000,1000,1000,0,0,0,0,0,0,0,0,0,0,0,0,0,0,0,1681471195
3971099,3968658,3961486,3985137,3600000,3600000,3600000,3600000,3600000,3600000,3600000,3959045,3970947,3974304,511,751,759,757,754,161,161,161,161,161,161,161,755,761,761,1000,1000,1000,1000,1000,1000,1000,1000,1000,1000,1000,1000,1000,1000,0,0,0,0,0,0,0,0,0,0,0,0,0,0,0,1681471196
3970489,3968200,3961334,3984985,3600000,3600000,3600000,3600000,3600000,3600000,3600000,3959045,3970489,3973541,516,751,759,757,754,161,161,161,161,161,161,161,755,761,761,1000,1000,1000,1000,1000,1000,1000,1000,1000,1000,1000,1000,1000,1000,0,0,0,0,0,0,0,0,0,0,0,0,0,0,0,1681471197
3970642,3968353,3961029,3985290,3600000,3600000,3600000,3600000,3600000,3600000,3600000,3959045,3970947,3974609,514,751,759,757,754,161,161,161,161,161,161,161,755,761,761,1000,1000,1000,1000,1000,1000,1000,1000,1000,1000,1000,1000,1000,1000,0,0,0,0,0,0,0,0,0,0,0,0,0,0,0,1681471198
3970947,3968505,3961791,3985900,3600000,3600000,3600000,3600000,3600000,3600000,3600000,3958892,3971099,3973999,511,751,759,757,754,161,161,161,161,161,161,161,755,761,761,1000,1000,1000,1000,1000,1000,1000,1000,1000,1000,1000,1000,1000,1000,0,0,0,0,0,0,0,0,0,0,0,0,0,0,0,1681471199
3970947,3968811,3961334,3984832,3600000,3600000,3600000,3600000,3600000,3600000,3600000,3958435,3970489,3973846,512,751,759,757,754,161,161,161,161,161,161,161,755,761,761,1000,1000,1000,1000,1000,1000,1000,1000,1000,1000,1000,1000,1000,1000,0,0,0,0,0,0,0,0,0,0,0,0,0,0,0,1681471200
3969879,3967590,3960876,3984985,3600000,3600000,3600000,3600000,3600000,3600000,3600000,3959045,3970794,3974151,515,751,759,757,754,161,161,161,161,161,161,161,755,761,761,1000,1000,1000,1000,1000,1000,1000,1000,1000,1000,1000,1000,1000,1000,0,0,0,0,0,0,0,0,0,0,0,0,0,0,0,1681471201
3970794,3968811,3961486,3984527,3600000,3600000,3600000,3600000,3600000,3600000,3600000,3959045,3970489,3973999,512,751,759,757,754,161,161,161,161,161,161,161,755,761,761,1000,1000,1000,1000,1000,1000,1000,1000,1000,1000,1000,1000,1000,1000,0,0,0,0,0,0,0,0,0,0,0,0,0,0,0,1681471202
3970642,3968658,3961791,3985443,3600000,3600000,3600000,3600000,3600000,3600000,3600000,3959350,3970794,3973846,511,751,759,757,754,161,161,161,161,161,161,161,755,761,761,1000,1000,1000,1000,1000,1000,1000,1000,1000,1000,1000,1000,1000,1000,0,0,0,0,0,0,0,0,0,0,0,0,0,0,0,1681471203
3970642,3968505,3961944,3985443,3600000,3600000,3600000,3600000,3600000,3600000,3600000,3959655,3971099,3973846,510,751,759,757,754,161,161,161,161,161,161,161,755,761,761,1000,1000,1000,1000,1000,1000,1000,1000,1000,1000,1000,1000,1000,1000,0,0,0,0,0,0,0,0,0,0,0,0,0,0,0,1681471204
3970336,3968200,3961334,3984680,3600000,3600000,3600000,3600000,3600000,3600000,3600000,3958740,3971099,3973846,513,751,759,757,754,161,161,161,161,161,161,161,755,761,761,1000,1000,1000,1000,1000,1000,1000,1000,1000,1000,1000,1000,1000,1000,0,0,0,0,0,0,0,0,0,0,0,0,0,0,0,1681471205
3970642,3968200,3961029,3985137,3600000,3600000,3600000,3600000,3600000,3600000,3600000,3958435,3969879,3973388,512,751,759,757,754,161,161,161,161,161,161,161,755,761,761,1000,1000,1000,1000,1000,1000,1000,1000,1000,1000,1000,1000,1000,1000,0,0,0,0,0,0,0,0,0,0,0,0,0,0,0,1681471206
3969879,3968048,3960723,3984985,3600000,3600000,3600000,3600000,3600000,3600000,3600000,3958435,3970642,3973999,515,751,759,757,754,161,161,161,161,161,161,161,755,761,761,1000,1000,1000,1000,1000,1000,1000,1000,1000,1000,1000,1000,1000,1000,0,0,0,0,0,0,0,0,0,0,0,0,0,0,0,1681471207
3970794,3968353,3960723,3984832,3600000,3600000,3600000,3600000,3600000,3600000,3600000,3958740,3970642,3973999,513,751,759,757,754,161,161,161,161,161,161,161,755,761,761,1000,1000,1000,1000,1000,1000,1000,1000,1000,1000,1000,1000,1000,1000,0,0,0,0,0,0,0,0,0,0,0,0,0,0,0,1681471208
3970489,3967895,3960571,3984832,3600000,3600000,3600000,3600000,3600000,3600000,3600000,3958740,3971557,3974609,511,751,759,757,754,161,161,161,161,161,161,161,755,761,761,1000,1000,1000,1000,1000,1000,1000,1000,1000,1000,1000,1000,1000,1000,0,0,0,0,0,0,0,0,0,0,0,0,0,0,0,1681471209
3970184,3968353,3960723,3984222,3600000,3600000,3600000,3600000,3600000,3600000,3600000,3957824,3970184,3974304,513,750,758,756,753,160,160,160,160,160,160,160,754,760,760,1000,1000,1000,1000,1000,1000,1000,1000,1000,1000,1000,1000,1000,1000,0,0,0,0,0,0,0,0,0,0,0,0,0,0,0,1681471210
3970031,3967437,3960418,3984069,3600000,3600000,3600000,3600000,3600000,3600000,3600000,3957977,3970184,3973693,516,750,758,756,753,160,160,160,160,160,160,160,754,760,760,1000,1000,1000,1000,1000,1000,1000,1000,1000,1000,1000,1000,1000,1000,0,0,0,0,0,0,0,0,0,0,0,0,0,0,0,1681471211
3970184,3968200,3960723,3984680,3600000,3600000,3600000,3600000,3600000,3600000,3600000,3957977,3970489,3973846,517,750,758,756,753,160,160,160,160,160,160,160,754,760,760,1000,1000,1000,1000,1000,1000,1000,1000,1000,1000,1000,1000,1000,1000,0,0,0,0,0,0,0,0,0,0,0,0,0,0,0,1681471212
3970031,3968048,3960418,3984375,3600000,3600000,3600000,3600000,3600000,3600000,3600000,3958740,3970794,3974304,511,750,758,756,753,160,160,160,160,160,160,160,754,760,760,1000,1000,1000,1000,1000,1000,1000,1000,1000,1000,1000,1000,1000,1000,0,0,0,0,0,0,0,0,0,0,0,0,0,0,0,1681471213
3970336,3967742,3961029,3984375,3600000,3600000,3600000,3600000,3600000,3600000,3600000,3958587,3970336,3973846,511,750,758,756,753,160,160,160,160,160,160,160,754,760,760,1000,1000,1000,1000,1000,1000,1000,1000,1000,1000,1000,1000,1000,1000,0,0,0,0,0,0,0,0,0,0,0,0,0,0,0,1681471214
3969573,3967742,3960113,3984222,3600000,3600000,3600000,3600000,3600000,3600000,3600000,3958282,3970336,3973541,515,750,758,756,753,160,160,160,160,160,160,160,754,760,760,1000,1000,1000,1000,1000,1000,1000,1000,1000,1000,1000,1000,1000,1000,0,0,0,0,0,0,0,0,0,0,0,0,0,0,0,1681471215
3970031,3967742,3960876,3984069,3600000,3600000,3600000,3600000,3600000,3600000,3600000,3958282,3970184,3973083,513,750,758,756,753,160,160,160,160,160,160,160,754,760,760,1000,1000,1000,1000,1000,1000,1000,1000,1000,1000,1000,1000,1000,1000,0,0,0,0,0,0,0,0,0,0,0,0,0,0,0,1681471216
3969573,3967132,3960723,3984527,3600000,3600000,3600000,3600000,3600000,3600000,3600000,3957824,3970336,3973541,513,750,758,756,753,160,160,160,160,160,160,160,754,760,760,1000,1000,1000,1000,1000,1000,1000,1000,1000,1000,1000,1000,1000,1000,0,0,0,0,0,0,0,0,0,0,0,0,0,0,0,1681471217
3969573,3967895,3959655,3983612,3600000,3600000,3600000,3600000,3600000,3600000,3600000,3957977,3969879,3972930,514,750,758,756,753,160,160,160,160,160,160,160,754,760,760,1000,1000,1000,1000,1000,1000,1000,1000,1000,1000,1000,1000,1000,1000,0,0,0,0,0,0,0,0,0,0,0,0,0,0,0,1681471218
3969573,3967437,3960418,3984375,3600000,3600000,3600000,3600000,3600000,3600000,3600000,3958435,3970031,3973999,514,750,758,756,753,160,160,160,160,160,160,160,754,760,760,1000,1000,1000,1000,1000,1000,1000,1000,1000,1000,1000,1000,1000,1000,0,0,0,0,0,0,0,0,0,0,0,0,0,0,0,1681471219
3969268,3967285,3960113,3984069,3600000,3600000,3600000,3600000,3600000,3600000,3600000,3958129,3969726,3973541,514,750,758,756,753,160,160,160,160,160,160,160,754,760,760,1000,1000,1000,1000,1000,1000,1000,1000,1000,1000,1000,1000,1000,1000,0,0,0,0,0,0,0,0,0,0,0,0,0,0,0,1681471220
3968811,3966979,3960113,3984527,3600000,3600000,3600000,3600000,3600000,3600000,3600000,3958129,3969879,3973541,515,750,758,756,753,160,160,160,160,160,160,160,754,760,760,1000,1000,1000,1000,1000,1000,1000,1000,1000,1000,1000,1000,1000,1000,0,0,0,0,0,0,0,0,0,0,0,0,0,0,0,1681471221
3969879,3967590,3960418,3984527,3600000,3600000,3600000,3600000,3600000,3600000,3600000,3957519,3969421,3973541,512,750,758,756,753,160,160,160,160,160,160,160,754,760,760,1000,1000,1000,1000,1000,1000,1000,1000,1000,1000,1000,1000,1000,1000,0,0,0,0,0,0,0,0,0,0,0,0,0,0,0,1681471222
3970184,3967285,3960418,3984222,3600000,3600000,3600000,3600000,3600000,3600000,3600000,3958435,3970031,3973388,512,750,758,756,753,160,160,160,160,160,160,160,754,760,760,1000,1000,1000,1000,1000,1000,1000,1000,1000,1000,1000,1000,1000,1000,0,0,0,0,0,0,0,0,0,0,0,0,0,0,0,1681471223
3969116,3967285,3959503,3983764,3600000,3600000,3600000,3600000,3600000,3600000,3600000,3957672,3970184,3973541,515,750,758,756,753,160,160,160,160,160,160,160,754,760,760,1000,1000,1000,1000,1000,1000,1000,1000,1000,1000,1000,1000,1000,1000,0,0,0,0,0,0,0,0,0,0,0,0,0,0,0,1681471224
3969573,3967437,3960266,3984375,3600000,3600000,3600000,3600000,3600000,3600000,3600000,3958282,3969573,3972930,513,750,758,756,753,160,160,160,160,160,160,160,754,760,760,1000,1000,1000,1000,1000,1000,1000,1000,1000,1000,1000,1000,1000,1000,0,0,0,0,0,0,0,0,0,0,0,0,0,0,0,1681471225
3969879,3967742,3960418,3983612,3600000,3600000,3600000,3600000,3600000,3600000,3600000,3958129,3969726,3973541,514,750,758,756,753,160,160,160,160,160,160,160,754,760,760,1000,1000,1000,1000,1000,1000,1000,1000,1000,1000,1000,1000,1000,1000,0,0,0,0,0,0,0,0,0,0,0,0,0,0,0,1681471226
3969268,3966827,3959808,3983917,3600000,3600000,3600000,3600000,3600000,3600000,3600000,3957214,3969573,3973236,513,750,758,756,753,160,160,160,160,160,160,160,754,760,760,1000,1000,1000,1000,1000,1000,1000,1000,1000,1000,1000,1000,1000,1000,0,0,0,0,0,0,0,0,0,0,0,0,0,0,0,1681471227
3968963,3967437,3959503,3983612,3600000,3600000,3600000,3600000,3600000,3600000,3600000,3957519,3969421,3973541,513,750,758,756,753,160,160,160,160,160,160,160,754,760,760,1000,1000,1000,1000,1000,1000,1000,1000,1000,1000,1000,1000,1000,1000,0,0,0,0,0,0,0,0,0,0,0,0,0,0,0,1681471228
3969573,3967437,3959503,3983764,3600000,3600000,3600000,3600000,3600000,3600000,3600000,3958129,3969268,3973083,514,750,758,756,753,160,160,160,160,160,160,160,754,760,760,1000,1000,1000,1000,1000,1000,1000,1000,1000,1000,1000,1000,1000,1000,0,0,0,0,0,0,0,0,0,0,0,0,0,0,0,1681471229
3969268,3967132,3959808,3983459,3600000,3600000,3600000,3600000,3600000,3600000,3600000,3957672,3969573,3973083,513,749,757,755,752,159,159,159,159,159,159,159,753,759,759,1000,1000,1000,1000,1000,1000,1000,1000,1000,1000,1000,1000,1000,1000,0,0,0,0,0,0,0,0,0,0,0,0,0,0,0,1681471230
3969573,3967437,3959808,3983612,3600000,3600000,3600000,3600000,3600000,3600000,3600000,3957977,3969726,3973083,513,749,757,755,752,159,159,159,159,159,159,159,753,759,759,1000,1000,1000,1000,1000,1000,1000,1000,1000,1000,1000,1000,1000,1000,0,0,0,0,0,0,0,0,0,0,0,0,0,0,0,1681471231
3969421,3967742,3960418,3984222,3600000,3600000,3600000,3600000,3600000,3600000,3600000,3957824,3970184,3973388,509,749,757,755,752,159,159,159,159,159,159,159,753,759,759,1000,1000,1000,1000,1000,1000,1000,1000,1000,1000,1000,1000,1000,1000,0,0,0,0,0,0,0,0,0,0,0,0,0,0,0,1681471232
3969726,3967437,3959655,3983764,3600000,3600000,3600000,3600000,3600000,3600000,3600000,3956451,3969879,3973236,514,749,757,755,752,159,159,159,159,159,159,159,753,759,759,1000,1000,1000,1000,1000,1000,1000,1000,1000,1000,1000,1000,1000,1000,0,0,0,0,0,0,0,0,0,0,0,0,0,0,0,1681471233
3969573,3967437,3959808,3983306,3600000,3600000,3600000,3600000,3600000,3600000,3600000,3957061,3969726,3972625,515,749,757,755,752,159,159,159,159,159,159,159,753,759,759,1000,1000,1000,1000,1000,1000,1000,1000,1000,1000,1000,1000,1000,1000,0,0,0,0,0,0,0,0,0,0,0,0,0,0,0,1681471235
3968963,3966827,3959197,3983154,3600000,3600000,3600000,3600000,3600000,3600000,3600000,3957061,3969116,3972320,515,749,757,755,752,159,159,159,159,159,159,159,753,759,759,1000,1000,1000,1000,1000,1000,1000,1000,1000,1000,1000,1000,1000,1000,0,0,0,0,0,0,0,0,0,0,0,0,0,0,0,1681471235
3969116,3966674,3959503,3983764,3600000,3600000,3600000,3600000,3600000,3600000,3600000,3957519,3969268,3972778,513,749,757,755,752,159,159,159,159,159,159,159,753,759,759,1000,1000,1000,1000,1000,1000,1000,1000,1000,1000,1000,1000,1000,1000,0,0,0,0,0,0,0,0,0,0,0,0,0,0,0,1681471236
3968963,3966369,3958892,3983306,3600000,3600000,3600000,3600000,3600000,3600000,3600000,3957061,3969116,3972778,515,749,757,755,752,159,159,159,159,159,159,159,753,759,759,1000,1000,1000,1000,1000,1000,1000,1000,1000,1000,1000,1000,1000,1000,0,0,0,0,0,0,0,0,0,0,0,0,0,0,0,1681471237
3969268,3967285,3959655,3983612,3600000,3600000,3600000,3600000,3600000,3600000,3600000,3957824,3969268,3972625,514,749,757,755,752,159,159,159,159,159,159,159,753,759,759,1000,1000,1000,1000,1000,1000,1000,1000,1000,1000,1000,1000,1000,1000,0,0,0,0,0,0,0,0,0,0,0,0,0,0,0,1681471238
3968963,3966827,3960571,3983306,3600000,3600000,3600000,3600000,3600000,3600000,3600000,3957214,3969573,3972625,511,749,757,755,752,159,159,159,159,159,159,159,753,759,759,1000,1000,1000,1000,1000,1000,1000,1000,1000,1000,1000,1000,1000,1000,0,0,0,0,0,0,0,0,0,0,0,0,0,0,0,1681471239
3970031,3967590,3959808,3983459,3600000,3600000,3600000,3600000,3600000,3600000,3600000,3957519,3969421,3972930,510,749,757,755,752,159,159,159,159,159,159,159,753,759,759,1000,1000,1000,1000,1000,1000,1000,1000,1000,1000,1000,1000,1000,1000,0,0,0,0,0,0,0,0,0,0,0,0,0,0,0,1681471240
3968505,3966674,3959197,3983001,3600000,3600000,3600000,3600000,3600000,3600000,3600000,3957519,3969573,3972930,513,749,757,755,752,159,159,159,159,159,159,159,753,759,759,1000,1000,1000,1000,1000,1000,1000,1000,1000,1000,1000,1000,1000,1000,0,0,0,0,0,0,0,0,0,0,0,0,0,0,0,1681471241
3968048,3966217,3959808,3983612,3600000,3600000,3600000,3600000,3600000,3600000,3600000,3957214,3969116,3972015,517,749,757,755,752,159,159,159,159,159,159,159,753,759,759,1000,1000,1000,1000,1000,1000,1000,1000,1000,1000,1000,1000,1000,1000,0,0,0,0,0,0,0,0,0,0,0,0,0,0,0,1681471242
3968353,3966827,3959655,3983306,3600000,3600000,3600000,3600000,3600000,3600000,3600000,3956909,3968811,3972167,514,749,757,755,752,159,159,159,159,159,159,159,753,759,759,1000,1000,1000,1000,1000,1000,1000,1000,1000,1000,1000,1000,1000,1000,0,0,0,0,0,0,0,0,0,0,0,0,0,0,0,1681471243
3968353,3966979,3958892,3982696,3600000,3600000,3600000,3600000,3600000,3600000,3600000,3956604,3969573,3972625,512,749,757,755,752,159,159,159,159,159,159,159,753,759,759,1000,1000,1000,1000,1000,1000,1000,1000,1000,1000,1000,1000,1000,1000,0,0,0,0,0,0,0,0,0,0,0,0,0,0,0,1681471245
3969116,3966979,3959197,3983154,3600000,3600000,3600000,3600000,3600000,3600000,3600000,3957061,3969726,3972625,514,749,757,755,752,159,159,159,159,159,159,159,753,759,759,1000,1000,1000,1000,1000,1000,1000,1000,1000,1000,1000,1000,1000,1000,0,0,0,0,0,0,0,0,0,0,0,0,0,0,0,1681471246
3968658,3966827,3959350,3983459,3600000,3600000,3600000,3600000,3600000,3600000,3600000,3956909,3969573,3972320,514,749,757,755,752,159,159,159,159,159,159,159,753,759,759,1000,1000,1000,1000,1000,1000,1000,1000,1000,1000,1000,1000,1000,1000,0,0,0,0,0,0,0,0,0,0,0,0,0,0,0,1681471247
3968200,3967437,3959350,3983154,3600000,3600000,3600000,3600000,3600000,3600000,3600000,3957366,3968963,3972320,511,749,757,755,752,159,159,159,159,159,159,159,753,759,759,1000,1000,1000,1000,1000,1000,1000,1000,1000,1000,1000,1000,1000,1000,0,0,0,0,0,0,0,0,0,0,0,0,0,0,0,1681471248
3968811,3965911,3959655,3983459,3600000,3600000,3600000,3600000,3600000,3600000,3600000,3956604,3968963,3972473,513,749,757,755,752,159,159,159,159,159,159,159,753,759,759,1000,1000,1000,1000,1000,1000,1000,1000,1000,1000,1000,1000,1000,1000,0,0,0,0,0,0,0,0,0,0,0,0,0,0,0,1681471249
3968811,3967132,3958892,3983306,3600000,3600000,3600000,3600000,3600000,3600000,3600000,3956909,3968658,3972930,511,749,757,755,752,159,159,159,159,159,159,159,753,759,759,1000,1000,1000,1000,1000,1000,1000,1000,1000,1000,1000,1000,1000,1000,0,0,0,0,0,0,0,0,0,0,0,0,0,0,0,1681471250
3968353,3966979,3959655,3983001,3600000,3600000,3600000,3600000,3600000,3600000,3600000,3956756,3969268,3972625,512,748,756,754,751,158,158,158,158,158,158,158,752,758,758,1000,1000,1000,1000,1000,1000,1000,1000,1000,1000,1000,1000,1000,1000,0,0,0,0,0,0,0,0,0,0,0,0,0,0,0,1681471251
3967895,3966064,3959197,3983001,3600000,3600000,3600000,3600000,3600000,3600000,3600000,3956756,3968658,3971862,513,748,756,754,751,158,158,158,158,158,158,158,752,758,758,1000,1000,1000,1000,1000,1000,1000,1000,1000,1000,1000,1000,1000,1000,0,0,0,0,0,0,0,0,0,0,0,0,0,0,0,1681471252
3968048,3966369,3958435,3982238,3600000,3600000,3600000,3600000,3600000,3600000,3600000,3956298,3968353,3972015,517,748,756,754,751,158,158,158,158,158,158,158,752,758,758,1000,1000,1000,1000,1000,1000,1000,1000,1000,1000,1000,1000,1000,1000,0,0,0,0,0,0,0,0,0,0,0,0,0,0,0,1681471253
3968353,3965911,3959045,3982543,3600000,3600000,3600000,3600000,3600000,3600000,3600000,3956146,3968353,3971710,516,748,756,754,751,158,158,158,158,158,158,158,752,758,758,1000,1000,1000,1000,1000,1000,1000,1000,1000,1000,1000,1000,1000,1000,0,0,0,0,0,0,0,0,0,0,0,0,0,0,0,1681471254
3967742,3966064,3959503,3982849,3600000,3600000,3600000,3600000,3600000,3600000,3600000,3955688,3968505,3971710,514,748,756,754,751,158,158,158,158,158,158,158,752,758,758,1000,1000,1000,1000,1000,1000,1000,1000,1000,1000,1000,1000,1000,1000,0,0,0,0,0,0,0,0,0,0,0,0,0,0,0,1681471255
3968505,3966369,3958435,3982238,3600000,3600000,3600000,3600000,3600000,3600000,3600000,3956451,3968811,3971862,514,748,756,754,751,158,158,158,158,158,158,158,752,758,758,1000,1000,1000,1000,1000,1000,1000,1000,1000,1000,1000,1000,1000,1000,0,0,0,0,0,0,0,0,0,0,0,0,0,0,0,1681471256
3968353,3966674,3959045,3982391,3600000,3600000,3600000,3600000,3600000,3600000,3600000,3956146,3968048,3971557,515,748,756,754,751,158,158,158,158,158,158,158,752,758,758,1000,1000,1000,1000,1000,1000,1000,1000,1000,1000,1000,1000,1000,1000,0,0,0,0,0,0,0,0,0,0,0,0,0,0,0,1681471257
3968505,3966217,3958740,3982696,3600000,3600000,3600000,3600000,3600000,3600000,3600000,3956146,3968505,3972015,513,748,756,754,751,158,158,158,158,158,158,158,752,758,758,1000,1000,1000,1000,1000,1000,1000,1000,1000,1000,1000,1000,1000,1000,0,0,0,0,0,0,0,0,0,0,0,0,0,0,0,1681471258
3968658,3966674,3958740,3982849,3600000,3600000,3600000,3600000,3600000,3600000,3600000,3956756,3968353,3972015,512,748,756,754,751,158,158,158,158,158,158,158,752,758,758,1000,1000,1000,1000,1000,1000,1000,1000,1000,1000,1000,1000,1000,1000,0,0,0,0,0,0,0,0,0,0,0,0,0,0,0,1681471259
3968811,3966522,3958892,3982696,3600000,3600000,3600000,3600000,3600000,3600000,3600000,3956451,3968353,3971710,514,748,756,754,751,158,158,158,158,158,158,158,752,758,758,1000,1000,1000,1000,1000,1000,1000,1000,1000,1000,1000,1000,1000,1000,0,0,0,0,0,0,0,0,0,0,0,0,0,0,0,1681471260
3967742,3965911,3958587,3982086,3600000,3600000,3600000,3600000,3600000,3600000,3600000,3955993,3968048,3972015,517,748,756,754,751,158,158,158,158,158,158,158,752,758,758,1000,1000,1000,1000,1000,1000,1000,1000,1000,1000,1000,1000,1000,1000,0,0,0,0,0,0,0,0,0,0,0,0,0,0,0,1681471261
3968353,3966827,3957977,3981781,3600000,3600000,3600000,3600000,3600000,3600000,3600000,3955688,3968658,3971862,514,748,756,754,751,158,158,158,158,158,158,158,752,758,758,1000,1000,1000,1000,1000,1000,1000,1000,1000,1000,1000,1000,1000,1000,0,0,0,0,0,0,0,0,0,0,0,0,0,0,0,1681471262
3967895,3966217,3958587,3982086,3600000,3600000,3600000,3600000,3600000,3600000,3600000,3956451,3968048,3971252,515,748,756,754,751,158,158,158,158,158,158,158,752,758,758,1000,1000,1000,1000,1000,1000,1000,1000,1000,1000,1000,1000,1000,1000,0,0,0,0,0,0,0,0,0,0,0,0,0,0,0,1681471263
3968353,3966217,3958587,3982238,3600000,3600000,3600000,3600000,3600000,3600000,3600000,3955993,3968048,3971252,515,748,756,754,751,158,158,158,158,158,158,158,752,758,758,1000,1000,1000,1000,1000,1000,1000,1000,1000,1000,1000,1000,1000,1000,0,0,0,0,0,0,0,0,0,0,0,0,0,0,0,1681471264
3967437,3965911,3958587,3982086,3600000,3600000,3600000,3600000,3600000,3600000,3600000,3956146,3967437,3971099,517,748,756,754,751,158,158,158,158,158,158,158,752,758,758,1000,1000,1000,1000,1000,1000,1000,1000,1000,1000,1000,1000,1000,1000,0,0,0,0,0,0,0,0,0,0,0,0,0,0,0,1681471265
3968353,3966369,3958892,3982391,3600000,3600000,3600000,3600000,3600000,3600000,3600000,3956146,3968811,3972015,509,748,756,754,751,158,158,158,158,158,158,158,752,758,758,1000,1000,1000,1000,1000,1000,1000,1000,1000,1000,1000,1000,1000,1000,0,0,0,0,0,0,0,0,0,0,0,0,0,0,0,1681471266
3967742,3965759,3958892,3982391,3600000,3600000,3600000,3600000,3600000,3600000,3600000,3955841,3967895,3971405,513,748,756,754,751,158,158,158,158,158,158,158,752,758,758,1000,1000,1000,1000,1000,1000,1000,1000,1000,1000,1000,1000,1000,1000,0,0,0,0,0,0,0,0,0,0,0,0,0,0,0,1681471267
3968048,3965759,3959350,3982238,3600000,3600000,3600000,3600000,3600000,3600000,3600000,3956451,3968658,3971862,510,748,756,754,751,158,158,158,158,158,158,158,752,758,758,1000,1000,1000,1000,1000,1000,1000,1000,1000,1000,1000,1000,1000,1000,0,0,0,0,0,0,0,0,0,0,0,0,0,0,0,1681471268
3967590,3965606,3958435,3982086,3600000,3600000,3600000,3600000,3600000,3600000,3600000,3955841,3967742,3971557,514,748,756,754,751,158,158,158,158,158,158,158,752,758,758,1000,1000,1000,1000,1000,1000,1000,1000,1000,1000,1000,1000,1000,1000,0,0,0,0,0,0,0,0,0,0,0,0,0,0,0,1681471269
3967437,3965454,3958282,3982086,3600000,3600000,3600000,3600000,3600000,3600000,3600000,3955993,3968658,3972167,513,748,756,754,751,158,158,158,158,158,158,158,752,758,758,1000,1000,1000,1000,1000,1000,1000,1000,1000,1000,1000,1000,1000,1000,0,0,0,0,0,0,0,0,0,0,0,0,0,0,0,1681471270
3967895,3965606,3959045,3982391,3600000,3600000,3600000,3600000,3600000,3600000,3600000,3955841,3969116,3972167,511,747,755,753,750,157,157,157,157,157,157,157,751,757,757,1000,1000,1000,1000,1000,1000,1000,1000,1000,1000,1000,1000,1000,1000,0,0,0,0,0,0,0,0,0,0,0,0,0,0,0,1681471271
3968353,3965911,3958740,3982543,3600000,3600000,3600000,3600000,3600000,3600000,3600000,3955688,3968505,3972015,510,747,755,753,750,157,157,157,157,157,157,157,751,757,757,1000,1000,1000,1000,1000,1000,1000,1000,1000,1000,1000,1000,1000,1000,0,0,0,0,0,0,0,0,0,0,0,0,0,0,0,1681471272
3967590,3965759,3958892,3982391,3600000,3600000,3600000,3600000,3600000,3600000,3600000,3956451,3967590,3970794,513,747,755,753,750,157,157,157,157,157,157,157,751,757,757,1000,1000,1000,1000,1000,1000,1000,1000,1000,1000,1000,1000,1000,1000,0,0,0,0,0,0,0,0,0,0,0,0,0,0,0,1681471273
3967285,3965759,3958587,3981933,3600000,3600000,3600000,3600000,3600000,3600000,3600000,3956298,3968200,3971099,515,747,755,753,750,157,157,157,157,157,157,157,751,757,757,1000,1000,1000,1000,1000,1000,1000,1000,1000,1000,1000,1000,1000,1000,0,0,0,0,0,0,0,0,0,0,0,0,0,0,0,1681471274
3968353,3966217,3958282,3982543,3600000,3600000,3600000,3600000,3600000,3600000,3600000,3956298,3967742,3970794,510,747,755,753,750,157,157,157,157,157,157,157,751,757,757,1000,1000,1000,1000,1000,1000,1000,1000,1000,1000,1000,1000,1000,1000,0,0,0,0,0,0,0,0,0,0,0,0,0,0,0,1681471275
3967132,3964996,3958129,3982086,3600000,3600000,3600000,3600000,3600000,3600000,3600000,3956146,3967895,3971405,515,747,755,753,750,157,157,157,157,157,157,157,751,757,757,1000,1000,1000,1000,1000,1000,1000,1000,1000,1000,1000,1000,1000,1000,0,0,0,0,0,0,0,0,0,0,0,0,0,0,0,1681471276
3967132,3965454,3957366,3981628,3600000,3600000,3600000,3600000,3600000,3600000,3600000,3954925,3967895,3970489,515,747,755,753,750,157,157,157,157,157,157,157,751,757,757,1000,1000,1000,1000,1000,1000,1000,1000,1000,1000,1000,1000,1000,1000,0,0,0,0,0,0,0,0,0,0,0,0,0,0,0,1681471277
3967285,3965301,3957672,3981781,3600000,3600000,3600000,3600000,3600000,3600000,3600000,3955383,3967742,3970947,515,747,755,753,750,157,157,157,157,157,157,157,751,757,757,1000,1000,1000,1000,1000,1000,1000,1000,1000,1000,1000,1000,1000,1000,0,0,0,0,0,0,0,0,0,0,0,0,0,0,0,1681471278
3966827,3965606,3958587,3981781,3600000,3600000,3600000,3600000,3600000,3600000,3600000,3955535,3967590,3970947,514,747,755,753,750,157,157,157,157,157,157,157,751,757,757,1000,1000,1000,1000,1000,1000,1000,1000,1000,1000,1000,1000,1000,1000,0,0,0,0,0,0,0,0,0,0,0,0,0,0,0,1681471279
3966979,3964843,3957519,3981628,3600000,3600000,3600000,3600000,3600000,3600000,3600000,3955535,3967285,3970947,515,747,755,753,750,157,157,157,157,157,157,157,751,757,757,1000,1000,1000,1000,1000,1000,1000,1000,1000,1000,1000,1000,1000,1000,0,0,0,0,0,0,0,0,0,0,0,0,0,0,0,1681471280
3966674,3964691,3958129,3981475,3600000,3600000,3600000,3600000,3600000,3600000,3600000,3954925,3967285,3970947,515,747,755,753,750,157,157,157,157,157,157,157,751,757,757,1000,1000,1000,1000,1000,1000,1000,1000,1000,1000,1000,1000,1000,1000,0,0,0,0,0,0,0,0,0,0,0,0,0,0,0,1681471281
3966217,3964843,3957672,3981628,3600000,3600000,3600000,3600000,3600000,3600000,3600000,3955230,3967590,3971252,516,747,755,753,750,157,157,157,157,157,157,157,751,757,757,1000,1000,1000,1000,1000,1000,1000,1000,1000,1000,1000,1000,1000,1000,0,0,0,0,0,0,0,0,0,0,0,0,0,0,0,1681471282
3966217,3964843,3957366,3981018,3600000,3600000,3600000,3600000,3600000,3600000,3600000,3955383,3967132,3970794,516,747,755,753,750,157,157,157,157,157,157,157,751,757,757,1000,1000,1000,1000,1000,1000,1000,1000,1000,1000,1000,1000,1000,1000,0,0,0,0,0,0,0,0,0,0,0,0,0,0,0,1681471283
3967437,3966064,3957366,3981781,3600000,3600000,3600000,3600000,3600000,3600000,3600000,3955688,3967132,3971099,513,747,755,753,750,157,157,157,157,157,157,157,751,757,757,1000,1000,1000,1000,1000,1000,1000,1000,1000,1000,1000,1000,1000,1000,0,0,0,0,0,0,0,0,0,0,0,0,0,0,0,1681471284
3966827,3965454,3958129,3981323,3600000,3600000,3600000,3600000,3600000,3600000,3600000,3955383,3968048,3971405,512,747,755,753,750,157,157,157,157,157,157,157,751,757,757,1000,1000,1000,1000,1000,1000,1000,1000,1000,1000,1000,1000,1000,1000,0,0,0,0,0,0,0,0,0,0,0,0,0,0,0,1681471285
3966979,3964996,3957366,3981628,3600000,3600000,3600000,3600000,3600000,3600000,3600000,3954772,3967437,3970489,513,747,755,753,750,157,157,157,157,157,157,157,751,757,757,1000,1000,1000,1000,1000,1000,1000,1000,1000,1000,1000,1000,1000,1000,0,0,0,0,0,0,0,0,0,0,0,0,0,0,0,1681471286
3966674,3965759,3957214,3980865,3600000,3600000,3600000,3600000,3600000,3600000,3600000,3955383,3968048,3970947,512,747,755,753,750,157,157,157,157,157,157,157,751,757,757,1000,1000,1000,1000,1000,1000,1000,1000,1000,1000,1000,1000,1000,1000,0,0,0,0,0,0,0,0,0,0,0,0,0,0,0,1681471287
3966217,3964843,3957061,3981170,3600000,3600000,3600000,3600000,3600000,3600000,3600000,3955230,3967285,3970489,513,747,755,753,750,157,157,157,157,157,157,157,751,757,757,1000,1000,1000,1000,1000,1000,1000,1000,1000,1000,1000,1000,1000,1000,0,0,0,0,0,0,0,0,0,0,0,0,0,0,0,1681471288
3966522,3965301,3957672,3981475,3600000,3600000,3600000,3600000,3600000,3600000,3600000,3955078,3967285,3970794,513,747,755,753,750,157,157,157,157,157,157,157,751,757,757,1000,1000,1000,1000,1000,1000,1000,1000,1000,1000,1000,1000,1000,1000,0,0,0,0,0,0,0,0,0,0,0,0,0,0,0,1681471289
3967285,3965301,3957977,3981781,3600000,3600000,3600000,3600000,3600000,3600000,3600000,3955535,3966979,3970794,511,747,755,753,750,157,157,157,157,157,157,157,751,757,757,1000,1000,1000,1000,1000,1000,1000,1000,1000,1000,1000,1000,1000,1000,0,0,0,0,0,0,0,0,0,0,0,0,0,0,0,1681471290
3966674,3964843,3957672,3981475,3600000,3600000,3600000,3600000,3600000,3600000,3600000,3955383,3967437,3971099,514,746,754,752,749,156,156,156,156,156,156,156,750,756,756,1000,1000,1000,1000,1000,1000,1000,1000,1000,1000,1000,1000,1000,1000,0,0,0,0,0,0,0,0,0,0,0,0,0,0,0,1681471291
3967132,3964996,3957977,3981933,3600000,3600000,3600000,3600000,3600000,3600000,3600000,3954925,3966827,3970642,513,746,754,752,749,156,156,156,156,156,156,156,750,756,756,1000,1000,1000,1000,1000,1000,1000,1000,1000,1000,1000,1000,1000,1000,0,0,0,0,0,0,0,0,0,0,0,0,0,0,0,1681471292
3966064,3964691,3957061,3981323,3600000,3600000,3600000,3600000,3600000,3600000,3600000,3954772,3967285,3970947,513,746,754,752,749,156,156,156,156,156,156,156,750,756,756,1000,1000,1000,1000,1000,1000,1000,1000,1000,1000,1000,1000,1000,1000,0,0,0,0,0,0,0,0,0,0,0,0,0,0,0,1681471293
3966217,3964385,3957366,3981170,3600000,3600000,3600000,3600000,3600000,3600000,3600000,3954467,3967742,3970947,513,746,754,752,749,156,156,156,156,156,156,156,750,756,756,1000,1000,1000,1000,1000,1000,1000,1000,1000,1000,1000,1000,1000,1000,0,0,0,0,0,0,0,0,0,0,0,0,0,0,0,1681471294
3967437,3965606,3957061,3981018,3600000,3600000,3600000,3600000,3600000,3600000,3600000,3955078,3967590,3970642,513,746,754,752,749,156,156,156,156,156,156,156,750,756,756,1000,1000,1000,1000,1000,1000,1000,1000,1000,1000,1000,1000,1000,1000,0,0,0,0,0,0,0,0,0,0,0,0,0,0,0,1681471295
3966217,3964691,3957672,3981475,3600000,3600000,3600000,3600000,3600000,3600000,3600000,3954772,3966827,3970489,515,746,754,752,749,156,156,156,156,156,156,156,750,756,756,1000,1000,1000,1000,1000,1000,1000,1000,1000,1000,1000,1000,1000,1000,0,0,0,0,0,0,0,0,0,0,0,0,0,0,0,1681471296
3965911,3964080,3957519,3980865,3600000,3600000,3600000,3600000,3600000,3600000,3600000,3954467,3966827,3970794,514,746,754,752,749,156,156,156,156,156,156,156,750,756,756,1000,1000,1000,1000,1000,1000,1000,1000,1000,1000,1000,1000,1000,1000,0,0,0,0,0,0,0,0,0,0,0,0,0,0,0,1681471297
3965606,3964233,3957061,3980712,3600000,3600000,3600000,3600000,3600000,3600000,3600000,3954772,3967590,3970489,514,746,754,752,749,156,156,156,156,156,156,156,750,756,756,1000,1000,1000,1000,1000,1000,1000,1000,1000,1000,1000,1000,1000,1000,0,0,0,0,0,0,0,0,0,0,0,0,0,0,0,1681471298
3966827,3965148,3957214,3980865,3600000,3600000,3600000,3600000,3600000,3600000,3600000,3954620,3966674,3970794,512,746,754,752,749,156,156,156,156,156,156,156,750,756,756,1000,1000,1000,1000,1000,1000,1000,1000,1000,1000,1000,1000,1000,1000,0,0,0,0,0,0,0,0,0,0,0,0,0,0,0,1681471299
3966827,3964691,3957214,3981323,3600000,3600000,3600000,3600000,3600000,3600000,3600000,3955383,3966217,3970031,512,746,754,752,749,156,156,156,156,156,156,156,750,756,756,1000,1000,1000,1000,1000,1000,1000,1000,1000,1000,1000,1000,1000,1000,0,0,0,0,0,0,0,0,0,0,0,0,0,0,0,1681471300
3967132,3965454,3957824,3981628,3600000,3600000,3600000,3600000,3600000,3600000,3600000,3954772,3966979,3970642,511,746,754,752,749,156,156,156,156,156,156,156,750,756,756,1000,1000,1000,1000,1000,1000,1000,1000,1000,1000,1000,1000,1000,1000,0,0,0,0,0,0,0,0,0,0,0,0,0,0,0,1681471301
3966369,3964233,3957214,3980865,3600000,3600000,3600000,3600000,3600000,3600000,3600000,3954162,3966979,3970642,513,746,754,752,749,156,156,156,156,156,156,156,750,756,756,1000,1000,1000,1000,1000,1000,1000,1000,1000,1000,1000,1000,1000,1000,0,0,0,0,0,0,0,0,0,0,0,0,0,0,0,1681471302
3966064,3964538,3957061,3980865,3600000,3600000,3600000,3600000,3600000,3600000,3600000,3954467,3966674,3970031,514,746,754,752,749,156,156,156,156,156,156,156,750,756,756,1000,1000,1000,1000,1000,1000,1000,1000,1000,1000,1000,1000,1000,1000,0,0,0,0,0,0,0,0,0,0,0,0,0,0,0,1681471303
3966827,3965301,3958129,3981323,3600000,3600000,3600000,3600000,3600000,3600000,3600000,3954925,3967742,3971557,509,746,754,752,749,156,156,156,156,156,156,156,750,756,756,1000,1000,1000,1000,1000,1000,1000,1000,1000,1000,1000,1000,1000,1000,0,0,0,0,0,0,0,0,0,0,0,0,0,0,0,1681471304
3966522,3964538,3957366,3980865,3600000,3600000,3600000,3600000,3600000,3600000,3600000,3955078,3966522,3970031,511,746,754,752,749,156,156,156,156,156,156,156,750,756,756,1000,1000,1000,1000,1000,1000,1000,1000,1000,1000,1000,1000,1000,1000,0,0,0,0,0,0,0,0,0,0,0,0,0,0,0,1681471305
3966217,3965301,3956909,3980102,3600000,3600000,3600000,3600000,3600000,3600000,3600000,3954772,3966522,3969421,513,746,754,752,749,156,156,156,156,156,156,156,750,756,756,1000,1000,1000,1000,1000,1000,1000,1000,1000,1000,1000,1000,1000,1000,0,0,0,0,0,0,0,0,0,0,0,0,0,0,0,1681471306
3965606,3963928,3956756,3980407,3600000,3600000,3600000,3600000,3600000,3600000,3600000,3953857,3965606,3969116,517,746,754,752,749,156,156,156,156,156,156,156,750,756,756,1000,1000,1000,1000,1000,1000,1000,1000,1000,1000,1000,1000,1000,1000,0,0,0,0,0,0,0,0,0,0,0,0,0,0,0,1681471307
3966064,3964385,3956604,3980712,3600000,3600000,3600000,3600000,3600000,3600000,3600000,3954772,3966369,3969268,515,746,754,752,749,156,156,156,156,156,156,156,750,756,756,1000,1000,1000,1000,1000,1000,1000,1000,1000,1000,1000,1000,1000,1000,0,0,0,0,0,0,0,0,0,0,0,0,0,0,0,1681471308
3966217,3963775,3956909,3980865,3600000,3600000,3600000,3600000,3600000,3600000,3600000,3954315,3966369,3970031,513,746,754,752,749,156,156,156,156,156,156,156,750,756,756,1000,1000,1000,1000,1000,1000,1000,1000,1000,1000,1000,1000,1000,1000,0,0,0,0,0,0,0,0,0,0,0,0,0,0,0,1681471309
3965301,3963928,3957061,3980560,3600000,3600000,3600000,3600000,3600000,3600000,3600000,3953704,3966522,3970184,514,746,754,752,749,156,156,156,156,156,156,156,750,756,756,1000,1000,1000,1000,1000,1000,1000,1000,1000,1000,1000,1000,1000,1000,0,0,0,0,0,0,0,0,0,0,0,0,0,0,0,1681471310
3965911,3964538,3956909,3980560,3600000,3600000,3600000,3600000,3600000,3600000,3600000,3954010,3967132,3970031,513,745,753,751,748,155,155,155,155,155,155,155,749,755,755,1000,1000,1000,1000,1000,1000,1000,1000,1000,1000,1000,1000,1000,1000,0,0,0,0,0,0,0,0,0,0,0,0,0,0,0,1681471311
3966217,3964843,3956451,3980255,3600000,3600000,3600000,3600000,3600000,3600000,3600000,3954620,3966217,3969573,513,745,753,751,748,155,155,155,155,155,155,155,749,755,755,1000,1000,1000,1000,1000,1000,1000,1000,1000,1000,1000,1000,1000,1000,0,0,0,0,0,0,0,0,0,0,0,0,0,0,0,1681471312
3966369,3964385,3956604,3980255,3600000,3600000,3600000,3600000,3600000,3600000,3600000,3954620,3966369,3970031,513,745,753,751,748,155,155,155,155,155,155,155,749,755,755,1000,1000,1000,1000,1000,1000,1000,1000,1000,1000,1000,1000,1000,1000,0,0,0,0,0,0,0,0,0,0,0,0,0,0,0,1681471313
3965759,3964385,3956756,3980712,3600000,3600000,3600000,3600000,3600000,3600000,3600000,3953247,3965759,3969726,513,745,753,751,748,155,155,155,155,155,155,155,749,755,755,1000,1000,1000,1000,1000,1000,1000,1000,1000,1000,1000,1000,1000,1000,0,0,0,0,0,0,0,0,0,0,0,0,0,0,0,1681471314
3966064,3964385,3957519,3980560,3600000,3600000,3600000,3600000,3600000,3600000,3600000,3954467,3966064,3970336,511,745,753,751,748,155,155,155,155,155,155,155,749,755,755,1000,1000,1000,1000,1000,1000,1000,1000,1000,1000,1000,1000,1000,1000,0,0,0,0,0,0,0,0,0,0,0,0,0,0,0,1681471315
3965301,3964080,3956756,3979949,3600000,3600000,3600000,3600000,3600000,3600000,3600000,3953704,3966217,3969726,514,745,753,751,748,155,155,155,155,155,155,155,749,755,755,1000,1000,1000,1000,1000,1000,1000,1000,1000,1000,1000,1000,1000,1000,0,0,0,0,0,0,0,0,0,0,0,0,0,0,0,1681471316
3965911,3964233,3956146,3980560,3600000,3600000,3600000,3600000,3600000,3600000,3600000,3953857,3966217,3969573,515,745,753,751,748,155,155,155,155,155,155,155,749,755,755,1000,1000,1000,1000,1000,1000,1000,1000,1000,1000,1000,1000,1000,1000,0,0,0,0,0,0,0,0,0,0,0,0,0,0,0,1681471317
3966217,3964385,3956451,3980712,3600000,3600000,3600000,3600000,3600000,3600000,3600000,3953704,3966064,3969421,513,745,753,751,748,155,155,155,155,155,155,155,749,755,755,1000,1000,1000,1000,1000,1000,1000,1000,1000,1000,1000,1000,1000,1000,0,0,0,0,0,0,0,0,0,0,0,0,0,0,0,1681471318
3965606,3964080,3956451,3980255,3600000,3600000,3600000,3600000,3600000,3600000,3600000,3954315,3966217,3968963,514,745,753,751,748,155,155,155,155,155,155,155,749,755,755,1000,1000,1000,1000,1000,1000,1000,1000,1000,1000,1000,1000,1000,1000,0,0,0,0,0,0,0,0,0,0,0,0,0,0,0,1681471319
3964843,3963317,3956146,3979644,3600000,3600000,3600000,3600000,3600000,3600000,3600000,3953857,3965606,3969879,515,745,753,751,748,155,155,155,155,155,155,155,749,755,755,1000,1000,1000,1000,1000,1000,1000,1000,1000,1000,1000,1000,1000,1000,0,0,0,0,0,0,0,0,0,0,0,0,0,0,0,1681471320
3965301,3963623,3955841,3979644,3600000,3600000,3600000,3600000,3600000,3600000,3600000,3953399,3966064,3969573,517,745,753,751,748,155,155,155,155,155,155,155,749,755,755,1000,1000,1000,1000,1000,1000,1000,1000,1000,1000,1000,1000,1000,1000,0,0,0,0,0,0,0,0,0,0,0,0,0,0,0,1681471321
3965759,3964080,3956756,3979644,3600000,3600000,3600000,3600000,3600000,3600000,3600000,3953399,3965911,3969573,513,745,753,751,748,155,155,155,155,155,155,155,749,755,755,1000,1000,1000,1000,1000,1000,1000,1000,1000,1000,1000,1000,1000,1000,0,0,0,0,0,0,0,0,0,0,0,0,0,0,0,1681471322
3965759,3963928,3956909,3980407,3600000,3600000,3600000,3600000,3600000,3600000,3600000,3954010,3966064,3969726,512,745,753,751,748,155,155,155,155,155,155,155,749,755,755,1000,1000,1000,1000,1000,1000,1000,1000,1000,1000,1000,1000,1000,1000,0,0,0,0,0,0,0,0,0,0,0,0,0,0,0,1681471323
3965454,3963317,3955078,3978576,3600000,3600000,3600000,3600000,3600000,3600000,3600000,3953399,3966217,3969726,515,745,753,751,748,155,155,155,155,155,155,155,749,755,755,1000,1000,1000,1000,1000,1000,1000,1000,1000,1000,1000,1000,1000,1000,0,0,0,0,0,0,0,0,0,0,0,0,0,0,0,1681471324
3965454,3964233,3956756,3980102,3600000,3600000,3600000,3600000,3600000,3600000,3600000,3953247,3966217,3970031,513,745,753,751,748,155,155,155,155,155,155,155,749,755,755,1000,1000,1000,1000,1000,1000,1000,1000,1000,1000,1000,1000,1000,1000,0,0,0,0,0,0,0,0,0,0,0,0,0,0,0,1681471325
3964996,3963928,3955993,3979644,3600000,3600000,3600000,3600000,3600000,3600000,3600000,3952789,3966522,3969879,513,745,753,751,748,155,155,155,155,155,155,155,749,755,755,1000,1000,1000,1000,1000,1000,1000,1000,1000,1000,1000,1000,1000,1000,0,0,0,0,0,0,0,0,0,0,0,0,0,0,0,1681471326
3965454,3964385,3956909,3979949,3600000,3600000,3600000,3600000,3600000,3600000,3600000,3954315,3965759,3969268,511,745,753,751,748,155,155,155,155,155,155,155,749,755,755,1000,1000,1000,1000,1000,1000,1000,1000,1000,1000,1000,1000,1000,1000,0,0,0,0,0,0,0,0,0,0,0,0,0,0,0,1681471327
3964996,3963623,3956756,3980102,3600000,3600000,3600000,3600000,3600000,3600000,3600000,3953399,3966369,3968811,512,745,753,751,748,155,155,155,155,155,155,155,749,755,755,1000,1000,1000,1000,1000,1000,1000,1000,1000,1000,1000,1000,1000,1000,0,0,0,0,0,0,0,0,0,0,0,0,0,0,0,1681471328
3964843,3963470,3956451,3980102,3600000,3600000,3600000,3600000,3600000,3600000,3600000,3953247,3966064,3968658,513,745,753,751,748,155,155,155,155,155,155,155,749,755,755,1000,1000,1000,1000,1000,1000,1000,1000,1000,1000,1000,1000,1000,1000,0,0,0,0,0,0,0,0,0,0,0,0,0,0,0,1681471329
3964538,3963012,3956604,3979644,3600000,3600000,3600000,3600000,3600000,3600000,3600000,3953399,3965759,3969116,512,745,753,751,748,155,155,155,155,155,155,155,749,755,755,1000,1000,1000,1000,1000,1000,1000,1000,1000,1000,1000,1000,1000,1000,0,0,0,0,0,0,0,0,0,0,0,0,0,0,0,1681471330
3965148,3963165,3955841,3979492,3600000,3600000,3600000,3600000,3600000,3600000,3600000,3953857,3965911,3969116,513,744,752,750,747,154,154,154,154,154,154,154,748,754,754,1000,1000,1000,1000,1000,1000,1000,1000,1000,1000,1000,1000,1000,1000,0,0,0,0,0,0,0,0,0,0,0,0,0,0,0,1681471331
3965454,3963775,3955993,3979339,3600000,3600000,3600000,3600000,3600000,3600000,3600000,3953094,3965759,3969726,512,744,752,750,747,154,154,154,154,154,154,154,748,754,754,1000,1000,1000,1000,1000,1000,1000,1000,1000,1000,1000,1000,1000,1000,0,0,0,0,0,0,0,0,0,0,0,0,0,0,0,1681471332
3965454,3963623,3956298,3979797,3600000,3600000,3600000,3600000,3600000,3600000,3600000,3953704,3966522,3969573,509,744,752,750,747,154,154,154,154,154,154,154,748,754,754,1000,1000,1000,1000,1000,1000,1000,1000,1000,1000,1000,1000,1000,1000,0,0,0,0,0,0,0,0,0,0,0,0,0,0,0,1681471333
3964843,3963470,3956298,3979644,3600000,3600000,3600000,3600000,3600000,3600000,3600000,3952941,3965911,3969268,514,744,752,750,747,154,154,154,154,154,154,154,748,754,754,1000,1000,1000,1000,1000,1000,1000,1000,1000,1000,1000,1000,1000,1000,0,0,0,0,0,0,0,0,0,0,0,0,0,0,0,1681471334
3964691,3962402,3955078,3978881,3600000,3600000,3600000,3600000,3600000,3600000,3600000,3952331,3965148,3968811,515,744,752,750,747,154,154,154,154,154,154,154,748,754,754,1000,1000,1000,1000,1000,1000,1000,1000,1000,1000,1000,1000,1000,1000,0,0,0,0,0,0,0,0,0,0,0,0,0,0,0,1681471335
3964691,3963012,3955841,3979034,3600000,3600000,3600000,3600000,3600000,3600000,3600000,3953399,3965148,3968200,515,744,752,750,747,154,154,154,154,154,154,154,748,754,754,1000,1000,1000,1000,1000,1000,1000,1000,1000,1000,1000,1000,1000,1000,0,0,0,0,0,0,0,0,0,0,0,0,0,0,0,1681471336
3964843,3963317,3955841,3979034,3600000,3600000,3600000,3600000,3600000,3600000,3600000,3953552,3965759,3968963,512,744,752,750,747,154,154,154,154,154,154,154,748,754,754,1000,1000,1000,1000,1000,1000,1000,1000,1000,1000,1000,1000,1000,1000,0,0,0,0,0,0,0,0,0,0,0,0,0,0,0,1681471337
3964843,3963317,3955841,3979034,3600000,3600000,3600000,3600000,3600000,3600000,3600000,3952484,3965606,3968811,511,744,752,750,747,154,154,154,154,154,154,154,748,754,754,1000,1000,1000,1000,1000,1000,1000,1000,1000,1000,1000,1000,1000,1000,0,0,0,0,0,0,0,0,0,0,0,0,0,0,0,1681471338
3964538,3962554,3955535,3978729,3600000,3600000,3600000,3600000,3600000,3600000,3600000,3953094,3964996,3968200,514,744,752,750,747,154,154,154,154,154,154,154,748,754,754,1000,1000,1000,1000,1000,1000,1000,1000,1000,1000,1000,1000,1000,1000,0,0,0,0,0,0,0,0,0,0,0,0,0,0,0,1681471339
3964996,3962554,3955535,3979492,3600000,3600000,3600000,3600000,3600000,3600000,3600000,3952789,3964538,3968505,514,744,752,750,747,154,154,154,154,154,154,154,748,754,754,1000,1000,1000,1000,1000,1000,1000,1000,1000,1000,1000,1000,1000,1000,0,0,0,0,0,0,0,0,0,0,0,0,0,0,0,1681471340
3964996,3963165,3955841,3979339,3600000,3600000,3600000,3600000,3600000,3600000,3600000,3953094,3965759,3969116,515,744,752,750,747,154,154,154,154,154,154,154,748,754,754,1000,1000,1000,1000,1000,1000,1000,1000,1000,1000,1000,1000,1000,1000,0,0,0,0,0,0,0,0,0,0,0,0,0,0,0,1681471341
3964996,3963623,3955230,3979187,3600000,3600000,3600000,3600000,3600000,3600000,3600000,3953247,3965301,3968353,514,744,752,750,747,154,154,154,154,154,154,154,748,754,754,1000,1000,1000,1000,1000,1000,1000,1000,1000,1000,1000,1000,1000,1000,0,0,0,0,0,0,0,0,0,0,0,0,0,0,0,1681471342
3964385,3963012,3955535,3979339,3600000,3600000,3600000,3600000,3600000,3600000,3600000,3952636,3965148,3968505,514,744,752,750,747,154,154,154,154,154,154,154,748,754,754,1000,1000,1000,1000,1000,1000,1000,1000,1000,1000,1000,1000,1000,1000,0,0,0,0,0,0,0,0,0,0,0,0,0,0,0,1681471343
3964385,3963012,3955688,3978576,3600000,3600000,3600000,3600000,3600000,3600000,3600000,3952484,3964996,3968505,513,744,752,750,747,154,154,154,154,154,154,154,748,754,754,1000,1000,1000,1000,1000,1000,1000,1000,1000,1000,1000,1000,1000,1000,0,0,0,0,0,0,0,0,0,0,0,0,0,0,0,1681471344
3964385,3963012,3956146,3979339,3600000,3600000,3600000,3600000,3600000,3600000,3600000,3952484,3964538,3968048,513,744,752,750,747,154,154,154,154,154,154,154,748,754,754,1000,1000,1000,1000,1000,1000,1000,1000,1000,1000,1000,1000,1000,1000,0,0,0,0,0,0,0,0,0,0,0,0,0,0,0,1681471345
3964843,3962707,3955230,3979187,3600000,3600000,3600000,3600000,3600000,3600000,3600000,3952178,3964996,3968505,512,744,752,750,747,154,154,154,154,154,154,154,748,754,754,1000,1000,1000,1000,1000,1000,1000,1000,1000,1000,1000,1000,1000,1000,0,0,0,0,0,0,0,0,0,0,0,0,0,0,0,1681471346
3964538,3962402,3955230,3978271,3600000,3600000,3600000,3600000,3600000,3600000,3600000,3952331,3964691,3968353,516,744,752,750,747,154,154,154,154,154,154,154,748,754,754,1000,1000,1000,1000,1000,1000,1000,1000,1000,1000,1000,1000,1000,1000,0,0,0,0,0,0,0,0,0,0,0,0,0,0,0,1681471347
3963775,3962249,3954620,3979187,3600000,3600000,3600000,3600000,3600000,3600000,3600000,3952178,3964691,3968048,516,744,752,750,747,154,154,154,154,154,154,154,748,754,754,1000,1000,1000,1000,1000,1000,1000,1000,1000,1000,1000,1000,1000,1000,0,0,0,0,0,0,0,0,0,0,0,0,0,0,0,1681471348
3963775,3962554,3955383,3978118,3600000,3600000,3600000,3600000,3600000,3600000,3600000,3952484,3964233,3968048,515,744,752,750,747,154,154,154,154,154,154,154,748,754,754,1000,1000,1000,1000,1000,1000,1000,1000,1000,1000,1000,1000,1000,1000,0,0,0,0,0,0,0,0,0,0,0,0,0,0,0,1681471349
3963623,3962402,3955078,3978424,3600000,3600000,3600000,3600000,3600000,3600000,3600000,3951873,3964691,3968505,517,744,752,750,747,154,154,154,154,154,154,154,748,754,754,1000,1000,1000,1000,1000,1000,1000,1000,1000,1000,1000,1000,1000,1000,0,0,0,0,0,0,0,0,0,0,0,0,0,0,0,1681471350
3964080,3962554,3955078,3979034,3600000,3600000,3600000,3600000,3600000,3600000,3600000,3951110,3963012,3966979,517,743,751,749,746,153,153,153,153,153,153,153,747,753,753,1000,1000,1000,1000,1000,1000,1000,1000,1000,1000,1000,1000,1000,1000,0,0,0,0,0,0,0,0,0,0,0,0,0,0,0,1681471351
3963928,3962707,3954925,3978576,3600000,3600000,3600000,3600000,3600000,3600000,3600000,3952331,3964233,3968048,515,743,751,749,746,153,153,153,153,153,153,153,747,753,753,1000,1000,1000,1000,1000,1000,1000,1000,1000,1000,1000,1000,1000,1000,0,0,0,0,0,0,0,0,0,0,0,0,0,0,0,1681471352
3964385,3962249,3955078,3978729,3600000,3600000,3600000,3600000,3600000,3600000,3600000,3952331,3964538,3968048,515,743,751,749,746,153,153,153,153,153,153,153,747,753,753,1000,1000,1000,1000,1000,1000,1000,1000,1000,1000,1000,1000,1000,1000,0,0,0,0,0,0,0,0,0,0,0,0,0,0,0,1681471353
3964233,3962402,3955230,3978729,3600000,3600000,3600000,3600000,3600000,3600000,3600000,3952026,3964538,3968200,515,743,751,749,746,153,153,153,153,153,153,153,747,753,753,1000,1000,1000,1000,1000,1000,1000,1000,1000,1000,1000,1000,1000,1000,0,0,0,0,0,0,0,0,0,0,0,0,0,0,0,1681471354
3964080,3963165,3954620,3978118,3600000,3600000,3600000,3600000,3600000,3600000,3600000,3952026,3963775,3967590,517,743,751,749,746,153,153,153,153,153,153,153,747,753,753,1000,1000,1000,1000,1000,1000,1000,1000,1000,1000,1000,1000,1000,1000,0,0,0,0,0,0,0,0,0,0,0,0,0,0,0,1681471355
3963623,3962249,3954772,3978576,3600000,3600000,3600000,3600000,3600000,3600000,3600000,3951721,3964233,3968200,516,743,751,749,746,153,153,153,153,153,153,153,747,753,753,1000,1000,1000,1000,1000,1000,1000,1000,1000,1000,1000,1000,1000,1000,0,0,0,0,0,0,0,0,0,0,0,0,0,0,0,1681471356
3963775,3962402,3955078,3979034,3600000,3600000,3600000,3600000,3600000,3600000,3600000,3951721,3964385,3967742,514,743,751,749,746,153,153,153,153,153,153,153,747,753,753,1000,1000,1000,1000,1000,1000,1000,1000,1000,1000,1000,1000,1000,1000,0,0,0,0,0,0,0,0,0,0,0,0,0,0,0,1681471357
3963623,3961944,3954467,3977661,3600000,3600000,3600000,3600000,3600000,3600000,3600000,3951416,3963928,3967285,516,743,751,749,746,153,153,153,153,153,153,153,747,753,753,1000,1000,1000,1000,1000,1000,1000,1000,1000,1000,1000,1000,1000,1000,0,0,0,0,0,0,0,0,0,0,0,0,0,0,0,1681471358
3963623,3962402,3955078,3979034,3600000,3600000,3600000,3600000,3600000,3600000,3600000,3951416,3963928,3966827,514,743,751,749,746,153,153,153,153,153,153,153,747,753,753,1000,1000,1000,1000,1000,1000,1000,1000,1000,1000,1000,1000,1000,1000,0,0,0,0,0,0,0,0,0,0,0,0,0,0,0,1681471359
3963165,3961944,3954315,3977966,3600000,3600000,3600000,3600000,3600000,3600000,3600000,3951416,3964385,3967590,516,743,751,749,746,153,153,153,153,153,153,153,747,753,753,1000,1000,1000,1000,1000,1000,1000,1000,1000,1000,1000,1000,1000,1000,0,0,0,0,0,0,0,0,0,0,0,0,0,0,0,1681471360
3963928,3962554,3954467,3978881,3600000,3600000,3600000,3600000,3600000,3600000,3600000,3952026,3964233,3967437,512,743,751,749,746,153,153,153,153,153,153,153,747,753,753,1000,1000,1000,1000,1000,1000,1000,1000,1000,1000,1000,1000,1000,1000,0,0,0,0,0,0,0,0,0,0,0,0,0,0,0,1681471361
3964080,3962860,3954620,3978118,3600000,3600000,3600000,3600000,3600000,3600000,3600000,3951110,3963775,3967437,514,743,751,749,746,153,153,153,153,153,153,153,747,753,753,1000,1000,1000,1000,1000,1000,1000,1000,1000,1000,1000,1000,1000,1000,0,0,0,0,0,0,0,0,0,0,0,0,0,0,0,1681471362
3963012,3962249,3954620,3977813,3600000,3600000,3600000,3600000,3600000,3600000,3600000,3951416,3963775,3966979,513,743,751,749,746,153,153,153,153,153,153,153,747,753,753,1000,1000,1000,1000,1000,1000,1000,1000,1000,1000,1000,1000,1000,1000,0,0,0,0,0,0,0,0,0,0,0,0,0,0,0,1681471363
3962860,3961944,3954620,3977966,3600000,3600000,3600000,3600000,3600000,3600000,3600000,3951416,3963928,3967132,518,743,751,749,746,153,153,153,153,153,153,153,747,753,753,1000,1000,1000,1000,1000,1000,1000,1000,1000,1000,1000,1000,1000,1000,0,0,0,0,0,0,0,0,0,0,0,0,0,0,0,1681471364
3963012,3961791,3954467,3978118,3600000,3600000,3600000,3600000,3600000,3600000,3600000,3951416,3964080,3968353,514,743,751,749,746,153,153,153,153,153,153,153,747,753,753,1000,1000,1000,1000,1000,1000,1000,1000,1000,1000,1000,1000,1000,1000,0,0,0,0,0,0,0,0,0,0,0,0,0,0,0,1681471365
3963623,3961791,3954315,3978424,3600000,3600000,3600000,3600000,3600000,3600000,3600000,3950958,3963165,3966369,518,743,751,749,746,153,153,153,153,153,153,153,747,753,753,1000,1000,1000,1000,1000,1000,1000,1000,1000,1000,1000,1000,1000,1000,0,0,0,0,0,0,0,0,0,0,0,0,0,0,0,1681471366
3962554,3961334,3954620,3978118,3600000,3600000,3600000,3600000,3600000,3600000,3600000,3951873,3964080,3967437,516,743,751,749,746,153,153,153,153,153,153,153,747,753,753,1000,1000,1000,1000,1000,1000,1000,1000,1000,1000,1000,1000,1000,1000,0,0,0,0,0,0,0,0,0,0,0,0,0,0,0,1681471367
3962707,3961791,3954315,3977966,3600000,3600000,3600000,3600000,3600000,3600000,3600000,3951873,3963623,3967132,516,743,751,749,746,153,153,153,153,153,153,153,747,753,753,1000,1000,1000,1000,1000,1000,1000,1000,1000,1000,1000,1000,1000,1000,0,0,0,0,0,0,0,0,0,0,0,0,0,0,0,1681471368
3963317,3961791,3954010,3978118,3600000,3600000,3600000,3600000,3600000,3600000,3600000,3951263,3963928,3967285,516,743,751,749,746,153,153,153,153,153,153,153,747,753,753,1000,1000,1000,1000,1000,1000,1000,1000,1000,1000,1000,1000,1000,1000,0,0,0,0,0,0,0,0,0,0,0,0,0,0,0,1681471369
3963165,3961791,3954162,3977966,3600000,3600000,3600000,3600000,3600000,3600000,3600000,3950500,3963623,3966979,516,743,751,749,746,153,153,153,153,153,153,153,747,753,753,1000,1000,1000,1000,1000,1000,1000,1000,1000,1000,1000,1000,1000,1000,0,0,0,0,0,0,0,0,0,0,0,0,0,0,0,1681471370
3963012,3961944,3954315,3978576,3600000,3600000,3600000,3600000,3600000,3600000,3600000,3951873,3963775,3967132,512,742,750,748,745,152,152,152,152,152,152,152,746,752,752,1000,1000,1000,1000,1000,1000,1000,1000,1000,1000,1000,1000,1000,1000,0,0,0,0,0,0,0,0,0,0,0,0,0,0,0,1681471371
3963317,3961944,3953857,3977661,3600000,3600000,3600000,3600000,3600000,3600000,3600000,3951416,3963623,3967590,513,742,750,748,745,152,152,152,152,152,152,152,746,752,752,1000,1000,1000,1000,1000,1000,1000,1000,1000,1000,1000,1000,1000,1000,0,0,0,0,0,0,0,0,0,0,0,0,0,0,0,1681471372
3963165,3962097,3954315,3977966,3600000,3600000,3600000,3600000,3600000,3600000,3600000,3950958,3963775,3966979,515,742,750,748,745,152,152,152,152,152,152,152,746,752,752,1000,1000,1000,1000,1000,1000,1000,1000,1000,1000,1000,1000,1000,1000,0,0,0,0,0,0,0,0,0,0,0,0,0,0,0,1681471373
3962707,3961181,3953857,3976745,3600000,3600000,3600000,3600000,3600000,3600000,3600000,3950805,3962860,3966674,518,742,750,748,745,152,152,152,152,152,152,152,746,752,752,1000,1000,1000,1000,1000,1000,1000,1000,1000,1000,1000,1000,1000,1000,0,0,0,0,0,0,0,0,0,0,0,0,0,0,0,1681471374
3962554,3961334,3954162,3977966,3600000,3600000,3600000,3600000,3600000,3600000,3600000,3951263,3963165,3966522,515,742,750,748,745,152,152,152,152,152,152,152,746,752,752,1000,1000,1000,1000,1000,1000,1000,1000,1000,1000,1000,1000,1000,1000,0,0,0,0,0,0,0,0,0,0,0,0,0,0,0,1681471375
3962554,3961486,3953552,3976898,3600000,3600000,3600000,3600000,3600000,3600000,3600000,3950805,3963928,3968353,516,742,750,748,745,152,152,152,152,152,152,152,746,752,752,1000,1000,1000,1000,1000,1000,1000,1000,1000,1000,1000,1000,1000,1000,0,0,0,0,0,0,0,0,0,0,0,0,0,0,0,1681471376
3962097,3961029,3953857,3977203,3600000,3600000,3600000,3600000,3600000,3600000,3600000,3951568,3963317,3966674,516,742,750,748,745,152,152,152,152,152,152,152,746,752,752,1000,1000,1000,1000,1000,1000,1000,1000,1000,1000,1000,1000,1000,1000,0,0,0,0,0,0,0,0,0,0,0,0,0,0,0,1681471377
3962860,3961639,3952941,3976898,3600000,3600000,3600000,3600000,3600000,3600000,3600000,3950042,3962402,3966064,516,742,750,748,745,152,152,152,152,152,152,152,746,752,752,1000,1000,1000,1000,1000,1000,1000,1000,1000,1000,1000,1000,1000,1000,0,0,0,0,0,0,0,0,0,0,0,0,0,0,0,1681471378
3962707,3961639,3953399,3977355,3600000,3600000,3600000,3600000,3600000,3600000,3600000,3950653,3963012,3966522,515,742,750,748,745,152,152,152,152,152,152,152,746,752,752,1000,1000,1000,1000,1000,1000,1000,1000,1000,1000,1000,1000,1000,1000,0,0,0,0,0,0,0,0,0,0,0,0,0,0,0,1681471379
3962860,3961486,3954010,3976745,3600000,3600000,3600000,3600000,3600000,3600000,3600000,3950042,3962707,3966674,514,742,750,748,745,152,152,152,152,152,152,152,746,752,752,1000,1000,1000,1000,1000,1000,1000,1000,1000,1000,1000,1000,1000,1000,0,0,0,0,0,0,0,0,0,0,0,0,0,0,0,1681471380
3962554,3961181,3953399,3977355,3600000,3600000,3600000,3600000,3600000,3600000,3600000,3951110,3963012,3966827,514,742,750,748,745,152,152,152,152,152,152,152,746,752,752,1000,1000,1000,1000,1000,1000,1000,1000,1000,1000,1000,1000,1000,1000,0,0,0,0,0,0,0,0,0,0,0,0,0,0,0,1681471381
3963165,3961029,3953857,3977203,3600000,3600000,3600000,3600000,3600000,3600000,3600000,3950347,3962860,3966522,516,742,750,748,745,152,152,152,152,152,152,152,746,752,752,1000,1000,1000,1000,1000,1000,1000,1000,1000,1000,1000,1000,1000,1000,0,0,0,0,0,0,0,0,0,0,0,0,0,0,0,1681471382
3962860,3961639,3953399,3976593,3600000,3600000,3600000,3600000,3600000,3600000,3600000,3951416,3962554,3966369,515,742,750,748,745,152,152,152,152,152,152,152,746,752,752,1000,1000,1000,1000,1000,1000,1000,1000,1000,1000,1000,1000,1000,1000,0,0,0,0,0,0,0,0,0,0,0,0,0,0,0,1681471383
3961944,3960723,3953247,3977050,3600000,3600000,3600000,3600000,3600000,3600000,3600000,3950805,3963012,3966674,514,742,750,748,745,152,152,152,152,152,152,152,746,752,752,1000,1000,1000,1000,1000,1000,1000,1000,1000,1000,1000,1000,1000,1000,0,0,0,0,0,0,0,0,0,0,0,0,0,0,0,1681471384
3962707,3961639,3953094,3977203,3600000,3600000,3600000,3600000,3600000,3600000,3600000,3950653,3963165,3966064,514,742,750,748,745,152,152,152,152,152,152,152,746,752,752,1000,1000,1000,1000,1000,1000,1000,1000,1000,1000,1000,1000,1000,1000,0,0,0,0,0,0,0,0,0,0,0,0,0,0,0,1681471385
3961639,3960113,3953857,3977355,3600000,3600000,3600000,3600000,3600000,3600000,3600000,3950195,3962707,3966827,518,742,750,748,745,152,152,152,152,152,152,152,746,752,752,1000,1000,1000,1000,1000,1000,1000,1000,1000,1000,1000,1000,1000,1000,0,0,0,0,0,0,0,0,0,0,0,0,0,0,0,1681471386
3962402,3961029,3954010,3976745,3600000,3600000,3600000,3600000,3600000,3600000,3600000,3950347,3963317,3966674,514,742,750,748,745,152,152,152,152,152,152,152,746,752,752,1000,1000,1000,1000,1000,1000,1000,1000,1000,1000,1000,1000,1000,1000,0,0,0,0,0,0,0,0,0,0,0,0,0,0,0,1681471387
3962402,3961334,3953857,3977508,3600000,3600000,3600000,3600000,3600000,3600000,3600000,3950958,3963317,3967132,511,742,750,748,745,152,152,152,152,152,152,152,746,752,752,1000,1000,1000,1000,1000,1000,1000,1000,1000,1000,1000,1000,1000,1000,0,0,0,0,0,0,0,0,0,0,0,0,0,0,0,1681471388
3962402,3961791,3952941,3976898,3600000,3600000,3600000,3600000,3600000,3600000,3600000,3950958,3963165,3966369,515,742,750,748,745,152,152,152,152,152,152,152,746,752,752,1000,1000,1000,1000,1000,1000,1000,1000,1000,1000,1000,1000,1000,1000,0,0,0,0,0,0,0,0,0,0,0,0,0,0,0,1681471389
3962402,3960723,3953704,3976898,3600000,3600000,3600000,3600000,3600000,3600000,3600000,3950347,3963012,3966827,513,742,750,748,745,152,152,152,152,152,152,152,746,752,752,1000,1000,1000,1000,1000,1000,1000,1000,1000,1000,1000,1000,1000,1000,0,0,0,0,0,0,0,0,0,0,0,0,0,0,0,1681471390
3963012,3961334,3954010,3976745,3600000,3600000,3600000,3600000,3600000,3600000,3600000,3949584,3962860,3966217,515,741,749,747,744,151,151,151,151,151,151,151,745,751,751,1000,1000,1000,1000,1000,1000,1000,1000,1000,1000,1000,1000,1000,1000,0,0,0,0,0,0,0,0,0,0,0,0,0,0,0,1681471391
3962249,3960876,3954010,3977203,3600000,3600000,3600000,3600000,3600000,3600000,3600000,3950347,3962860,3965911,515,741,749,747,744,151,151,151,151,151,151,151,745,751,751,1000,1000,1000,1000,1000,1000,1000,1000,1000,1000,1000,1000,1000,1000,0,0,0,0,0,0,0,0,0,0,0,0,0,0,0,1681471392
3962402,3960876,3952484,3976898,3600000,3600000,3600000,3600000,3600000,3600000,3600000,3950653,3963165,3966064,515,741,749,747,744,151,151,151,151,151,151,151,745,751,751,1000,1000,1000,1000,1000,1000,1000,1000,1000,1000,1000,1000,1000,1000,0,0,0,0,0,0,0,0,0,0,0,0,0,0,0,1681471393
3961944,3960876,3953399,3976898,3600000,3600000,3600000,3600000,3600000,3600000,3600000,3950042,3962402,3965911,514,741,749,747,744,151,151,151,151,151,151,151,745,751,751,1000,1000,1000,1000,1000,1000,1000,1000,1000,1000,1000,1000,1000,1000,0,0,0,0,0,0,0,0,0,0,0,0,0,0,0,1681471394
3962249,3960723,3953704,3976745,3600000,3600000,3600000,3600000,3600000,3600000,3600000,3949890,3962249,3966369,515,741,749,747,744,151,151,151,151,151,151,151,745,751,751,1000,1000,1000,1000,1000,1000,1000,1000,1000,1000,1000,1000,1000,1000,0,0,0,0,0,0,0,0,0,0,0,0,0,0,0,1681471395
3961334,3960876,3952789,3976593,3600000,3600000,3600000,3600000,3600000,3600000,3600000,3950347,3962860,3966674,515,741,749,747,744,151,151,151,151,151,151,151,745,751,751,1000,1000,1000,1000,1000,1000,1000,1000,1000,1000,1000,1000,1000,1000,0,0,0,0,0,0,0,0,0,0,0,0,0,0,0,1681471396
3961029,3960418,3952484,3975982,3600000,3600000,3600000,3600000,3600000,3600000,3600000,3949432,3962097,3965148,520,741,749,747,744,151,151,151,151,151,151,151,745,751,751,1000,1000,1000,1000,1000,1000,1000,1000,1000,1000,1000,1000,1000,1000,0,0,0,0,0,0,0,0,0,0,0,0,0,0,0,1681471397
3961334,3959503,3952178,3976440,3600000,3600000,3600000,3600000,3600000,3600000,3600000,3949737,3962097,3966217,517,741,749,747,744,151,151,151,151,151,151,151,745,751,751,1000,1000,1000,1000,1000,1000,1000,1000,1000,1000,1000,1000,1000,1000,0,0,0,0,0,0,0,0,0,0,0,0,0,0,0,1681471398
3961944,3960571,3953247,3977203,3600000,3600000,3600000,3600000,3600000,3600000,3600000,3950042,3962860,3965911,513,741,749,747,744,151,151,151,151,151,151,151,745,751,751,1000,1000,1000,1000,1000,1000,1000,1000,1000,1000,1000,1000,1000,1000,0,0,0,0,0,0,0,0,0,0,0,0,0,0,0,1681471399
3962097,3960266,3952941,3976745,3600000,3600000,3600000,3600000,3600000,3600000,3600000,3949432,3962707,3966522,514,741,749,747,744,151,151,151,151,151,151,151,745,751,751,1000,1000,1000,1000,1000,1000,1000,1000,1000,1000,1000,1000,1000,1000,0,0,0,0,0,0,0,0,0,0,0,0,0,0,0,1681471400
3962554,3961181,3952941,3976745,3600000,3600000,3600000,3600000,3600000,3600000,3600000,3950195,3962554,3966064,516,741,749,747,744,151,151,151,151,151,151,151,745,751,751,1000,1000,1000,1000,1000,1000,1000,1000,1000,1000,1000,1000,1000,1000,0,0,0,0,0,0,0,0,0,0,0,0,0,0,0,1681471401
3962249,3961181,3953552,3976593,3600000,3600000,3600000,3600000,3600000,3600000,3600000,3950195,3962249,3966369,511,741,749,747,744,151,151,151,151,151,151,151,745,751,751,1000,1000,1000,1000,1000,1000,1000,1000,1000,1000,1000,1000,1000,1000,0,0,0,0,0,0,0,0,0,0,0,0,0,0,0,1681471402
3961639,3960113,3953399,3976745,3600000,3600000,3600000,3600000,3600000,3600000,3600000,3950042,3962554,3966217,512,741,749,747,744,151,151,151,151,151,151,151,745,751,751,1000,1000,1000,1000,1000,1000,1000,1000,1000,1000,1000,1000,1000,1000,0,0,0,0,0,0,0,0,0,0,0,0,0,0,0,1681471403
3962860,3961181,3952941,3976287,3600000,3600000,3600000,3600000,3600000,3600000,3600000,3950195,3962707,3965606,513,741,749,747,744,151,151,151,151,151,151,151,745,751,751,1000,1000,1000,1000,1000,1000,1000,1000,1000,1000,1000,1000,1000,1000,0,0,0,0,0,0,0,0,0,0,0,0,0,0,0,1681471404
3961486,3960266,3952484,3976440,3600000,3600000,3600000,3600000,3600000,3600000,3600000,3949890,3962097,3965911,514,741,749,747,744,151,151,151,151,151,151,151,745,751,751,1000,1000,1000,1000,1000,1000,1000,1000,1000,1000,1000,1000,1000,1000,0,0,0,0,0,0,0,0,0,0,0,0,0,0,0,1681471405
3962554,3960876,3952941,3975830,3600000,3600000,3600000,3600000,3600000,3600000,3600000,3949584,3962249,3966064,512,741,749,747,744,151,151,151,151,151,151,151,745,751,751,1000,1000,1000,1000,1000,1000,1000,1000,1000,1000,1000,1000,1000,1000,0,0,0,0,0,0,0,0,0,0,0,0,0,0,0,1681471406
3961944,3960723,3953857,3976593,3600000,3600000,3600000,3600000,3600000,3600000,3600000,3949890,3961944,3965911,511,741,749,747,744,151,151,151,151,151,151,151,745,751,751,1000,1000,1000,1000,1000,1000,1000,1000,1000,1000,1000,1000,1000,1000,0,0,0,0,0,0,0,0,0,0,0,0,0,0,0,1681471407
3962554,3960876,3952484,3975830,3600000,3600000,3600000,3600000,3600000,3600000,3600000,3949737,3962097,3966064,514,741,749,747,744,151,151,151,151,151,151,151,745,751,751,1000,1000,1000,1000,1000,1000,1000,1000,1000,1000,1000,1000,1000,1000,0,0,0,0,0,0,0,0,0,0,0,0,0,0,0,1681471408
3961334,3960113,3953399,3976593,3600000,3600000,3600000,3600000,3600000,3600000,3600000,3949584,3962249,3965606,514,741,749,747,744,151,151,151,151,151,151,151,745,751,751,1000,1000,1000,1000,1000,1000,1000,1000,1000,1000,1000,1000,1000,1000,0,0,0,0,0,0,0,0,0,0,0,0,0,0,0,1681471409
3961029,3959960,3952789,3976135,3600000,3600000,3600000,3600000,3600000,3600000,3600000,3949279,3961791,3966064,515,741,749,747,744,151,151,151,151,151,151,151,745,751,751,1000,1000,1000,1000,1000,1000,1000,1000,1000,1000,1000,1000,1000,1000,0,0,0,0,0,0,0,0,0,0,0,0,0,0,0,1681471410
3961791,3960876,3952636,3975982,3600000,3600000,3600000,3600000,3600000,3600000,3600000,3950042,3962249,3965911,511,740,748,746,743,150,150,150,150,150,150,150,744,750,750,1000,1000,1000,1000,1000,1000,1000,1000,1000,1000,1000,1000,1000,1000,0,0,0,0,0,0,0,0,0,0,0,0,0,0,0,1681471411
3961181,3959808,3952331,3975219,3600000,3600000,3600000,3600000,3600000,3600000,3600000,3949737,3961334,3965148,515,740,748,746,743,150,150,150,150,150,150,150,744,750,750,1000,1000,1000,1000,1000,1000,1000,1000,1000,1000,1000,1000,1000,1000,0,0,0,0,0,0,0,0,0,0,0,0,0,0,0,1681471412
3960723,3960266,3952636,3975982,3600000,3600000,3600000,3600000,3600000,3600000,3600000,3949737,3961944,3964996,514,740,748,746,743,150,150,150,150,150,150,150,744,750,750,1000,1000,1000,1000,1000,1000,1000,1000,1000,1000,1000,1000,1000,1000,0,0,0,0,0,0,0,0,0,0,0,0,0,0,0,1681471413
3960876,3959808,3952636,3975372,3600000,3600000,3600000,3600000,3600000,3600000,3600000,3948974,3961334,3965301,516,740,748,746,743,150,150,150,150,150,150,150,744,750,750,1000,1000,1000,1000,1000,1000,1000,1000,1000,1000,1000,1000,1000,1000,0,0,0,0,0,0,0,0,0,0,0,0,0,0,0,1681471414
3961181,3960113,3952178,3975372,3600000,3600000,3600000,3600000,3600000,3600000,3600000,3949127,3961944,3965148,515,740,748,746,743,150,150,150,150,150,150,150,744,750,750,1000,1000,1000,1000,1000,1000,1000,1000,1000,1000,1000,1000,1000,1000,0,0,0,0,0,0,0,0,0,0,0,0,0,0,0,1681471415
3961029,3959808,3951873,3975677,3600000,3600000,3600000,3600000,3600000,3600000,3600000,3949127,3961486,3964843,516,740,748,746,743,150,150,150,150,150,150,150,744,750,750,1000,1000,1000,1000,1000,1000,1000,1000,1000,1000,1000,1000,1000,1000,0,0,0,0,0,0,0,0,0,0,0,0,0,0,0,1681471416
3961181,3960266,3952789,3976135,3600000,3600000,3600000,3600000,3600000,3600000,3600000,3949584,3961791,3965454,511,740,748,746,743,150,150,150,150,150,150,150,744,750,750,1000,1000,1000,1000,1000,1000,1000,1000,1000,1000,1000,1000,1000,1000,0,0,0,0,0,0,0,0,0,0,0,0,0,0,0,1681471417
3961791,3960418,3953094,3975982,3600000,3600000,3600000,3600000,3600000,3600000,3600000,3949127,3962097,3965301,512,740,748,746,743,150,150,150,150,150,150,150,744,750,750,1000,1000,1000,1000,1000,1000,1000,1000,1000,1000,1000,1000,1000,1000,0,0,0,0,0,0,0,0,0,0,0,0,0,0,0,1681471418
3961029,3960418,3952636,3975982,3600000,3600000,3600000,3600000,3600000,3600000,3600000,3949584,3962249,3965759,513,740,748,746,743,150,150,150,150,150,150,150,744,750,750,1000,1000,1000,1000,1000,1000,1000,1000,1000,1000,1000,1000,1000,1000,0,0,0,0,0,0,0,0,0,0,0,0,0,0,0,1681471419
3960418,3959655,3952026,3975524,3600000,3600000,3600000,3600000,3600000,3600000,3600000,3948669,3961181,3964843,516,740,748,746,743,150,150,150,150,150,150,150,744,750,750,1000,1000,1000,1000,1000,1000,1000,1000,1000,1000,1000,1000,1000,1000,0,0,0,0,0,0,0,0,0,0,0,0,0,0,0,1681471420
3960876,3959808,3952484,3975524,3600000,3600000,3600000,3600000,3600000,3600000,3600000,3949890,3960876,3964996,514,740,748,746,743,150,150,150,150,150,150,150,744,750,750,1000,1000,1000,1000,1000,1000,1000,1000,1000,1000,1000,1000,1000,1000,0,0,0,0,0,0,0,0,0,0,0,0,0,0,0,1681471421
3961486,3959503,3952331,3975524,3600000,3600000,3600000,3600000,3600000,3600000,3600000,3949432,3961639,3965301,514,740,748,746,743,150,150,150,150,150,150,150,744,750,750,1000,1000,1000,1000,1000,1000,1000,1000,1000,1000,1000,1000,1000,1000,0,0,0,0,0,0,0,0,0,0,0,0,0,0,0,1681471422
3960876,3959503,3951721,3974914,3600000,3600000,3600000,3600000,3600000,3600000,3600000,3949127,3961181,3964843,515,740,748,746,743,150,150,150,150,150,150,150,744,750,750,1000,1000,1000,1000,1000,1000,1000,1000,1000,1000,1000,1000,1000,1000,0,0,0,0,0,0,0,0,0,0,0,0,0,0,0,1681471423
3960418,3959503,3951416,3974914,3600000,3600000,3600000,3600000,3600000,3600000,3600000,3949127,3961639,3965148,514,740,748,746,743,150,150,150,150,150,150,150,744,750,750,1000,1000,1000,1000,1000,1000,1000,1000,1000,1000,1000,1000,1000,1000,0,0,0,0,0,0,0,0,0,0,0,0,0,0,0,1681471424
3960876,3959503,3951873,3975219,3600000,3600000,3600000,3600000,3600000,3600000,3600000,3949279,3961181,3964385,514,740,748,746,743,150,150,150,150,150,150,150,744,750,750,1000,1000,1000,1000,1000,1000,1000,1000,1000,1000,1000,1000,1000,1000,0,0,0,0,0,0,0,0,0,0,0,0,0,0,0,1681471425
3961029,3959960,3952178,3975524,3600000,3600000,3600000,3600000,3600000,3600000,3600000,3948974,3961181,3964996,512,740,748,746,743,150,150,150,150,150,150,150,744,750,750,1000,1000,1000,1000,1000,1000,1000,1000,1000,1000,1000,1000,1000,1000,0,0,0,0,0,0,0,0,0,0,0,0,0,0,0,1681471426
3961029,3960418,3951721,3975372,3600000,3600000,3600000,3600000,3600000,3600000,3600000,3949737,3961181,3965301,513,740,748,746,743,150,150,150,150,150,150,150,744,750,750,1000,1000,1000,1000,1000,1000,1000,1000,1000,1000,1000,1000,1000,1000,0,0,0,0,0,0,0,0,0,0,0,0,0,0,0,1681471427
3960876,3960113,3952484,3975372,3600000,3600000,3600000,3600000,3600000,3600000,3600000,3948669,3961944,3965759,513,740,748,746,743,150,150,150,150,150,150,150,744,750,750,1000,1000,1000,1000,1000,1000,1000,1000,1000,1000,1000,1000,1000,1000,0,0,0,0,0,0,0,0,0,0,0,0,0,0,0,1681471428
3960876,3959655,3952026,3975219,3600000,3600000,3600000,3600000,3600000,3600000,3600000,3949127,3962097,3965454,512,740,748,746,743,150,150,150,150,150,150,150,744,750,750,1000,1000,1000,1000,1000,1000,1000,1000,1000,1000,1000,1000,1000,1000,0,0,0,0,0,0,0,0,0,0,0,0,0,0,0,1681471429
3960876,3959350,3952026,3974914,3600000,3600000,3600000,3600000,3600000,3600000,3600000,3948974,3961639,3964691,515,740,748,746,743,150,150,150,150,150,150,150,744,750,750,1000,1000,1000,1000,1000,1000,1000,1000,1000,1000,1000,1000,1000,1000,0,0,0,0,0,0,0,0,0,0,0,0,0,0,0,1681471430
3960723,3960113,3951263,3974609,3600000,3600000,3600000,3600000,3600000,3600000,3600000,3948211,3961181,3964538,514,739,747,745,742,149,149,149,149,149,149,149,743,749,749,1000,1000,1000,1000,1000,1000,1000,1000,1000,1000,1000,1000,1000,1000,0,0,0,0,0,0,0,0,0,0,0,0,0,0,0,1681471431
3959808,3958892,3952026,3974914,3600000,3600000,3600000,3600000,3600000,3600000,3600000,3948516,3960571,3964538,515,739,747,745,742,149,149,149,149,149,149,149,743,749,749,1000,1000,1000,1000,1000,1000,1000,1000,1000,1000,1000,1000,1000,1000,0,0,0,0,0,0,0,0,0,0,0,0,0,0,0,1681471432
3960723,3958892,3950958,3974609,3600000,3600000,3600000,3600000,3600000,3600000,3600000,3947906,3961181,3964691,517,739,747,745,742,149,149,149,149,149,149,149,743,749,749,1000,1000,1000,1000,1000,1000,1000,1000,1000,1000,1000,1000,1000,1000,0,0,0,0,0,0,0,0,0,0,0,0,0,0,0,1681471433
3959960,3958740,3951416,3974456,3600000,3600000,3600000,3600000,3600000,3600000,3600000,3947906,3961029,3964385,516,739,747,745,742,149,149,149,149,149,149,149,743,749,749,1000,1000,1000,1000,1000,1000,1000,1000,1000,1000,1000,1000,1000,1000,0,0,0,0,0,0,0,0,0,0,0,0,0,0,0,1681471434
3959808,3958892,3950347,3974304,3600000,3600000,3600000,3600000,3600000,3600000,3600000,3948211,3960418,3964385,519,739,747,745,742,149,149,149,149,149,149,149,743,749,749,1000,1000,1000,1000,1000,1000,1000,1000,1000,1000,1000,1000,1000,1000,0,0,0,0,0,0,0,0,0,0,0,0,0,0,0,1681471435
3960266,3959503,3951873,3974609,3600000,3600000,3600000,3600000,3600000,3600000,3600000,3948669,3961791,3965148,514,739,747,745,742,149,149,149,149,149,149,149,743,749,749,1000,1000,1000,1000,1000,1000,1000,1000,1000,1000,1000,1000,1000,1000,0,0,0,0,0,0,0,0,0,0,0,0,0,0,0,1681471436
3959808,3959197,3952026,3975067,3600000,3600000,3600000,3600000,3600000,3600000,3600000,3948822,3960266,3963928,514,739,747,745,742,149,149,149,149,149,149,149,743,749,749,1000,1000,1000,1000,1000,1000,1000,1000,1000,1000,1000,1000,1000,1000,0,0,0,0,0,0,0,0,0,0,0,0,0,0,0,1681471437
3960113,3959045,3951110,3974609,3600000,3600000,3600000,3600000,3600000,3600000,3600000,3948364,3960418,3964233,516,739,747,745,742,149,149,149,149,149,149,149,743,749,749,1000,1000,1000,1000,1000,1000,1000,1000,1000,1000,1000,1000,1000,1000,0,0,0,0,0,0,0,0,0,0,0,0,0,0,0,1681471438
3959197,3958587,3951416,3975067,3600000,3600000,3600000,3600000,3600000,3600000,3600000,3948516,3960723,3964385,516,739,747,745,742,149,149,149,149,149,149,149,743,749,749,1000,1000,1000,1000,1000,1000,1000,1000,1000,1000,1000,1000,1000,1000,0,0,0,0,0,0,0,0,0,0,0,0,0,0,0,1681471439
3959960,3959045,3951110,3974151,3600000,3600000,3600000,3600000,3600000,3600000,3600000,3947753,3960571,3964080,515,739,747,745,742,149,149,149,149,149,149,149,743,749,749,1000,1000,1000,1000,1000,1000,1000,1000,1000,1000,1000,1000,1000,1000,0,0,0,0,0,0,0,0,0,0,0,0,0,0,0,1681471440
3959960,3959045,3951416,3973846,3600000,3600000,3600000,3600000,3600000,3600000,3600000,3948516,3960113,3964385,516,739,747,745,742,149,149,149,149,149,149,149,743,749,749,1000,1000,1000,1000,1000,1000,1000,1000,1000,1000,1000,1000,1000,1000,0,0,0,0,0,0,0,0,0,0,0,0,0,0,0,1681471441
3959503,3958587,3950805,3974761,3600000,3600000,3600000,3600000,3600000,3600000,3600000,3947906,3960418,3964080,518,739,747,745,742,149,149,149,149,149,149,149,743,749,749,1000,1000,1000,1000,1000,1000,1000,1000,1000,1000,1000,1000,1000,1000,0,0,0,0,0,0,0,0,0,0,0,0,0,0,0,1681471442
3959960,3958740,3951110,3974761,3600000,3600000,3600000,3600000,3600000,3600000,3600000,3948059,3960723,3963928,514,739,747,745,742,149,149,149,149,149,149,149,743,749,749,1000,1000,1000,1000,1000,1000,1000,1000,1000,1000,1000,1000,1000,1000,0,0,0,0,0,0,0,0,0,0,0,0,0,0,0,1681471443
3960266,3958892,3951721,3974914,3600000,3600000,3600000,3600000,3600000,3600000,3600000,3947753,3960266,3964691,515,739,747,745,742,149,149,149,149,149,149,149,743,749,749,1000,1000,1000,1000,1000,1000,1000,1000,1000,1000,1000,1000,1000,1000,0,0,0,0,0,0,0,0,0,0,0,0,0,0,0,1681471444
3959350,3957977,3951110,3974609,3600000,3600000,3600000,3600000,3600000,3600000,3600000,3947601,3959960,3963317,516,739,747,745,742,149,149,149,149,149,149,149,743,749,749,1000,1000,1000,1000,1000,1000,1000,1000,1000,1000,1000,1000,1000,1000,0,0,0,0,0,0,0,0,0,0,0,0,0,0,0,1681471445
3960113,3958892,3950958,3974151,3600000,3600000,3600000,3600000,3600000,3600000,3600000,3948059,3960266,3963928,515,739,747,745,742,149,149,149,149,149,149,149,743,749,749,1000,1000,1000,1000,1000,1000,1000,1000,1000,1000,1000,1000,1000,1000,0,0,0,0,0,0,0,0,0,0,0,0,0,0,0,1681471446
3959655,3959350,3950958,3974609,3600000,3600000,3600000,3600000,3600000,3600000,3600000,3947448,3960723,3964538,514,739,747,745,742,149,149,149,149,149,149,149,743,749,749,1000,1000,1000,1000,1000,1000,1000,1000,1000,1000,1000,1000,1000,1000,0,0,0,0,0,0,0,0,0,0,0,0,0,0,0,1681471447
3959808,3958587,3950958,3973846,3600000,3600000,3600000,3600000,3600000,3600000,3600000,3947906,3959808,3963470,516,739,747,745,742,149,149,149,149,149,149,149,743,749,749,1000,1000,1000,1000,1000,1000,1000,1000,1000,1000,1000,1000,1000,1000,0,0,0,0,0,0,0,0,0,0,0,0,0,0,0,1681471448
3959350,3958740,3951263,3973846,3600000,3600000,3600000,3600000,3600000,3600000,3600000,3947601,3959350,3963775,516,739,747,745,742,149,149,149,149,149,149,149,743,749,749,1000,1000,1000,1000,1000,1000,1000,1000,1000,1000,1000,1000,1000,1000,0,0,0,0,0,0,0,0,0,0,0,0,0,0,0,1681471449
3959808,3958435,3950653,3973999,3600000,3600000,3600000,3600000,3600000,3600000,3600000,3947448,3960266,3963775,517,739,747,745,742,149,149,149,149,149,149,149,743,749,749,1000,1000,1000,1000,1000,1000,1000,1000,1000,1000,1000,1000,1000,1000,0,0,0,0,0,0,0,0,0,0,0,0,0,0,0,1681471450
3959655,3958587,3950500,3974304,3600000,3600000,3600000,3600000,3600000,3600000,3600000,3948059,3960418,3963775,516,738,746,744,741,148,148,148,148,148,148,148,742,748,748,1000,1000,1000,1000,1000,1000,1000,1000,1000,1000,1000,1000,1000,1000,0,0,0,0,0,0,0,0,0,0,0,0,0,0,0,1681471451
3959960,3959197,3950958,3974151,3600000,3600000,3600000,3600000,3600000,3600000,3600000,3947753,3959960,3963775,516,738,746,744,741,148,148,148,148,148,148,148,742,748,748,1000,1000,1000,1000,1000,1000,1000,1000,1000,1000,1000,1000,1000,1000,0,0,0,0,0,0,0,0,0,0,0,0,0,0,0,1681471452
3959655,3958282,3950653,3973846,3600000,3600000,3600000,3600000,3600000,3600000,3600000,3947753,3959197,3963623,516,738,746,744,741,148,148,148,148,148,148,148,742,748,748,1000,1000,1000,1000,1000,1000,1000,1000,1000,1000,1000,1000,1000,1000,0,0,0,0,0,0,0,0,0,0,0,0,0,0,0,1681471453
3959503,3958129,3950805,3973846,3600000,3600000,3600000,3600000,3600000,3600000,3600000,3946990,3959655,3963928,518,738,746,744,741,148,148,148,148,148,148,148,742,748,748,1000,1000,1000,1000,1000,1000,1000,1000,1000,1000,1000,1000,1000,1000,0,0,0,0,0,0,0,0,0,0,0,0,0,0,0,1681471454
3959503,3958282,3950653,3973541,3600000,3600000,3600000,3600000,3600000,3600000,3600000,3947296,3959655,3962707,517,738,746,744,741,148,148,148,148,148,148,148,742,748,748,1000,1000,1000,1000,1000,1000,1000,1000,1000,1000,1000,1000,1000,1000,0,0,0,0,0,0,0,0,0,0,0,0,0,0,0,1681471455
3959197,3958282,3950042,3973999,3600000,3600000,3600000,3600000,3600000,3600000,3600000,3947753,3960418,3963470,515,738,746,744,741,148,148,148,148,148,148,148,742,748,748,1000,1000,1000,1000,1000,1000,1000,1000,1000,1000,1000,1000,1000,1000,0,0,0,0,0,0,0,0,0,0,0,0,0,0,0,1681471456
3959655,3958282,3950042,3973846,3600000,3600000,3600000,3600000,3600000,3600000,3600000,3947753,3960723,3963775,512,738,746,744,741,148,148,148,148,148,148,148,742,748,748,1000,1000,1000,1000,1000,1000,1000,1000,1000,1000,1000,1000,1000,1000,0,0,0,0,0,0,0,0,0,0,0,0,0,0,0,1681471457
3959197,3958587,3950958,3974609,3600000,3600000,3600000,3600000,3600000,3600000,3600000,3947753,3960113,3963623,513,738,746,744,741,148,148,148,148,148,148,148,742,748,748,1000,1000,1000,1000,1000,1000,1000,1000,1000,1000,1000,1000,1000,1000,0,0,0,0,0,0,0,0,0,0,0,0,0,0,0,1681471458
3958892,3957977,3950347,3973693,3600000,3600000,3600000,3600000,3600000,3600000,3600000,3947448,3959350,3963165,516,738,746,744,741,148,148,148,148,148,148,148,742,748,748,1000,1000,1000,1000,1000,1000,1000,1000,1000,1000,1000,1000,1000,1000,0,0,0,0,0,0,0,0,0,0,0,0,0,0,0,1681471459
3959503,3958587,3950653,3974151,3600000,3600000,3600000,3600000,3600000,3600000,3600000,3948059,3960418,3963928,512,738,746,744,741,148,148,148,148,148,148,148,742,748,748,1000,1000,1000,1000,1000,1000,1000,1000,1000,1000,1000,1000,1000,1000,0,0,0,0,0,0,0,0,0,0,0,0,0,0,0,1681471460
3958740,3958282,3951568,3974151,3600000,3600000,3600000,3600000,3600000,3600000,3600000,3946990,3959655,3963165,515,738,746,744,741,148,148,148,148,148,148,148,742,748,748,1000,1000,1000,1000,1000,1000,1000,1000,1000,1000,1000,1000,1000,1000,0,0,0,0,0,0,0,0,0,0,0,0,0,0,0,1681471461
3958587,3958129,3949890,3973541,3600000,3600000,3600000,3600000,3600000,3600000,3600000,3946990,3959960,3963928,515,738,746,744,741,148,148,148,148,148,148,148,742,748,748,1000,1000,1000,1000,1000,1000,1000,1000,1000,1000,1000,1000,1000,1000,0,0,0,0,0,0,0,0,0,0,0,0,0,0,0,1681471462
3958740,3958129,3950347,3973999,3600000,3600000,3600000,3600000,3600000,3600000,3600000,3946838,3959655,3962707,515,738,746,744,741,148,148,148,148,148,148,148,742,748,748,1000,1000,1000,1000,1000,1000,1000,1000,1000,1000,1000,1000,1000,1000,0,0,0,0,0,0,0,0,0,0,0,0,0,0,0,1681471463
3958740,3958282,3949584,3973236,3600000,3600000,3600000,3600000,3600000,3600000,3600000,3946838,3959808,3963317,513,738,746,744,741,148,148,148,148,148,148,148,742,748,748,1000,1000,1000,1000,1000,1000,1000,1000,1000,1000,1000,1000,1000,1000,0,0,0,0,0,0,0,0,0,0,0,0,0,0,0,1681471464
3959503,3958129,3950042,3973693,3600000,3600000,3600000,3600000,3600000,3600000,3600000,3946838,3959350,3962860,515,738,746,744,741,148,148,148,148,148,148,148,742,748,748,1000,1000,1000,1000,1000,1000,1000,1000,1000,1000,1000,1000,1000,1000,0,0,0,0,0,0,0,0,0,0,0,0,0,0,0,1681471465
3959197,3958282,3950500,3973846,3600000,3600000,3600000,3600000,3600000,3600000,3600000,3947753,3959350,3963012,514,738,746,744,741,148,148,148,148,148,148,148,742,748,748,1000,1000,1000,1000,1000,1000,1000,1000,1000,1000,1000,1000,1000,1000,0,0,0,0,0,0,0,0,0,0,0,0,0,0,0,1681471466
3958740,3958129,3950042,3973846,3600000,3600000,3600000,3600000,3600000,3600000,3600000,3947143,3959350,3963165,515,738,746,744,741,148,148,148,148,148,148,148,742,748,748,1000,1000,1000,1000,1000,1000,1000,1000,1000,1000,1000,1000,1000,1000,0,0,0,0,0,0,0,0,0,0,0,0,0,0,0,1681471467
3958282,3957977,3950347,3973693,3600000,3600000,3600000,3600000,3600000,3600000,3600000,3946990,3959808,3963012,513,738,746,744,741,148,148,148,148,148,148,148,742,748,748,1000,1000,1000,1000,1000,1000,1000,1000,1000,1000,1000,1000,1000,1000,0,0,0,0,0,0,0,0,0,0,0,0,0,0,0,1681471468
3958129,3957214,3949890,3973083,3600000,3600000,3600000,3600000,3600000,3600000,3600000,3946838,3959350,3963012,517,738,746,744,741,148,148,148,148,148,148,148,742,748,748,1000,1000,1000,1000,1000,1000,1000,1000,1000,1000,1000,1000,1000,1000,0,0,0,0,0,0,0,0,0,0,0,0,0,0,0,1681471469
3958587,3957519,3950042,3973541,3600000,3600000,3600000,3600000,3600000,3600000,3600000,3946685,3959808,3963012,514,738,746,744,741,148,148,148,148,148,148,148,742,748,748,1000,1000,1000,1000,1000,1000,1000,1000,1000,1000,1000,1000,1000,1000,0,0,0,0,0,0,0,0,0,0,0,0,0,0,0,1681471470
3958892,3958129,3950195,3973388,3600000,3600000,3600000,3600000,3600000,3600000,3600000,3947143,3958892,3962860,511,737,745,743,740,147,147,147,147,147,147,147,741,747,747,1000,1000,1000,1000,1000,1000,1000,1000,1000,1000,1000,1000,1000,1000,0,0,0,0,0,0,0,0,0,0,0,0,0,0,0,1681471471
3958740,3958282,3949584,3972625,3600000,3600000,3600000,3600000,3600000,3600000,3600000,3947143,3959808,3963165,515,737,745,743,740,147,147,147,147,147,147,147,741,747,747,1000,1000,1000,1000,1000,1000,1000,1000,1000,1000,1000,1000,1000,1000,0,0,0,0,0,0,0,0,0,0,0,0,0,0,0,1681471472
3958282,3957366,3949737,3973083,3600000,3600000,3600000,3600000,3600000,3600000,3600000,3946228,3959045,3962554,519,737,745,743,740,147,147,147,147,147,147,147,741,747,747,1000,1000,1000,1000,1000,1000,1000,1000,1000,1000,1000,1000,1000,1000,0,0,0,0,0,0,0,0,0,0,0,0,0,0,0,1681471473
3958129,3957061,3949737,3973236,3600000,3600000,3600000,3600000,3600000,3600000,3600000,3946380,3959045,3962554,517,737,745,743,740,147,147,147,147,147,147,147,741,747,747,1000,1000,1000,1000,1000,1000,1000,1000,1000,1000,1000,1000,1000,1000,0,0,0,0,0,0,0,0,0,0,0,0,0,0,0,1681471474
3958587,3957672,3950347,3973693,3600000,3600000,3600000,3600000,3600000,3600000,3600000,3946838,3959045,3962707,513,737,745,743,740,147,147,147,147,147,147,147,741,747,747,1000,1000,1000,1000,1000,1000,1000,1000,1000,1000,1000,1000,1000,1000,0,0,0,0,0,0,0,0,0,0,0,0,0,0,0,1681471475
3958740,3958282,3949584,3972930,3600000,3600000,3600000,3600000,3600000,3600000,3600000,3947296,3959503,3963165,512,737,745,743,740,147,147,147,147,147,147,147,741,747,747,1000,1000,1000,1000,1000,1000,1000,1000,1000,1000,1000,1000,1000,1000,0,0,0,0,0,0,0,0,0,0,0,0,0,0,0,1681471476
3958435,3957519,3950653,3973388,3600000,3600000,3600000,3600000,3600000,3600000,3600000,3946838,3959350,3962554,511,737,745,743,740,147,147,147,147,147,147,147,741,747,747,1000,1000,1000,1000,1000,1000,1000,1000,1000,1000,1000,1000,1000,1000,0,0,0,0,0,0,0,0,0,0,0,0,0,0,0,1681471477
3958740,3957366,3950500,3974151,3600000,3600000,3600000,3600000,3600000,3600000,3600000,3946380,3959197,3963165,513,737,745,743,740,147,147,147,147,147,147,147,741,747,747,1000,1000,1000,1000,1000,1000,1000,1000,1000,1000,1000,1000,1000,1000,0,0,0,0,0,0,0,0,0,0,0,0,0,0,0,1681471478
3958587,3957977,3949584,3973236,3600000,3600000,3600000,3600000,3600000,3600000,3600000,3946685,3959197,3962402,510,737,745,743,740,147,147,147,147,147,147,147,741,747,747,1000,1000,1000,1000,1000,1000,1000,1000,1000,1000,1000,1000,1000,1000,0,0,0,0,0,0,0,0,0,0,0,0,0,0,0,1681471479
3958435,3957519,3949127,3972473,3600000,3600000,3600000,3600000,3600000,3600000,3600000,3946838,3958435,3962097,515,737,745,743,740,147,147,147,147,147,147,147,741,747,747,1000,1000,1000,1000,1000,1000,1000,1000,1000,1000,1000,1000,1000,1000,0,0,0,0,0,0,0,0,0,0,0,0,0,0,0,1681471480
3958129,3956756,3948974,3972167,3600000,3600000,3600000,3600000,3600000,3600000,3600000,3947296,3959197,3962707,515,737,745,743,740,147,147,147,147,147,147,147,741,747,747,1000,1000,1000,1000,1000,1000,1000,1000,1000,1000,1000,1000,1000,1000,0,0,0,0,0,0,0,0,0,0,0,0,0,0,0,1681471481
3958282,3957672,3949737,3972778,3600000,3600000,3600000,3600000,3600000,3600000,3600000,3946380,3958740,3962097,512,737,745,743,740,147,147,147,147,147,147,147,741,747,747,1000,1000,1000,1000,1000,1000,1000,1000,1000,1000,1000,1000,1000,1000,0,0,0,0,0,0,0,0,0,0,0,0,0,0,0,1681471482
3958435,3957366,3950042,3973388,3600000,3600000,3600000,3600000,3600000,3600000,3600000,3945312,3959045,3962097,514,737,745,743,740,147,147,147,147,147,147,147,741,747,747,1000,1000,1000,1000,1000,1000,1000,1000,1000,1000,1000,1000,1000,1000,0,0,0,0,0,0,0,0,0,0,0,0,0,0,0,1681471483
3958129,3957366,3950195,3973083,3600000,3600000,3600000,3600000,3600000,3600000,3600000,3945922,3959350,3962554,512,737,745,743,740,147,147,147,147,147,147,147,741,747,747,1000,1000,1000,1000,1000,1000,1000,1000,1000,1000,1000,1000,1000,1000,0,0,0,0,0,0,0,0,0,0,0,0,0,0,0,1681471485
3957366,3957061,3949279,3972778,3600000,3600000,3600000,3600000,3600000,3600000,3600000,3946533,3958587,3962860,515,737,745,743,740,147,147,147,147,147,147,147,741,747,747,1000,1000,1000,1000,1000,1000,1000,1000,1000,1000,1000,1000,1000,1000,0,0,0,0,0,0,0,0,0,0,0,0,0,0,0,1681471486
3958587,3957824,3950347,3973693,3600000,3600000,3600000,3600000,3600000,3600000,3600000,3945770,3959350,3962707,513,737,745,743,740,147,147,147,147,147,147,147,741,747,747,1000,1000,1000,1000,1000,1000,1000,1000,1000,1000,1000,1000,1000,1000,0,0,0,0,0,0,0,0,0,0,0,0,0,0,0,1681471486
3958282,3957366,3949279,3973083,3600000,3600000,3600000,3600000,3600000,3600000,3600000,3946075,3959197,3962707,511,737,745,743,740,147,147,147,147,147,147,147,741,747,747,1000,1000,1000,1000,1000,1000,1000,1000,1000,1000,1000,1000,1000,1000,0,0,0,0,0,0,0,0,0,0,0,0,0,0,0,1681471487
3957672,3957672,3948669,3972015,3600000,3600000,3600000,3600000,3600000,3600000,3600000,3945770,3958435,3963012,515,737,745,743,740,147,147,147,147,147,147,147,741,747,747,1000,1000,1000,1000,1000,1000,1000,1000,1000,1000,1000,1000,1000,1000,0,0,0,0,0,0,0,0,0,0,0,0,0,0,0,1681471488
3958587,3957214,3949127,3973083,3600000,3600000,3600000,3600000,3600000,3600000,3600000,3946685,3958282,3961944,513,737,745,743,740,147,147,147,147,147,147,147,741,747,747,1000,1000,1000,1000,1000,1000,1000,1000,1000,1000,1000,1000,1000,1000,0,0,0,0,0,0,0,0,0,0,0,0,0,0,0,1681471489
3957977,3956451,3949737,3972930,3600000,3600000,3600000,3600000,3600000,3600000,3600000,3946380,3959197,3962554,510,736,744,742,739,146,146,146,146,146,146,146,740,746,746,1000,1000,1000,1000,1000,1000,1000,1000,1000,1000,1000,1000,1000,1000,0,0,0,0,0,0,0,0,0,0,0,0,0,0,0,1681471490
3957977,3956451,3948974,3972167,3600000,3600000,3600000,3600000,3600000,3600000,3600000,3945617,3958892,3962402,515,736,744,742,739,146,146,146,146,146,146,146,740,746,746,1000,1000,1000,1000,1000,1000,1000,1000,1000,1000,1000,1000,1000,1000,0,0,0,0,0,0,0,0,0,0,0,0,0,0,0,1681471491
3958129,3957061,3949127,3972015,3600000,3600000,3600000,3600000,3600000,3600000,3600000,3946228,3958740,3962097,515,736,744,742,739,146,146,146,146,146,146,146,740,746,746,1000,1000,1000,1000,1000,1000,1000,1000,1000,1000,1000,1000,1000,1000,0,0,0,0,0,0,0,0,0,0,0,0,0,0,0,1681471492
3957519,3956756,3949279,3972167,3600000,3600000,3600000,3600000,3600000,3600000,3600000,3946075,3958740,3962707,512,736,744,742,739,146,146,146,146,146,146,146,740,746,746,1000,1000,1000,1000,1000,1000,1000,1000,1000,1000,1000,1000,1000,1000,0,0,0,0,0,0,0,0,0,0,0,0,0,0,0,1681471493
3958282,3957519,3949127,3972930,3600000,3600000,3600000,3600000,3600000,3600000,3600000,3946533,3958892,3961944,511,736,744,742,739,146,146,146,146,146,146,146,740,746,746,1000,1000,1000,1000,1000,1000,1000,1000,1000,1000,1000,1000,1000,1000,0,0,0,0,0,0,0,0,0,0,0,0,0,0,0,1681471495
3958587,3957519,3949127,3972473,3600000,3600000,3600000,3600000,3600000,3600000,3600000,3946075,3958740,3961639,514,736,744,742,739,146,146,146,146,146,146,146,740,746,746,1000,1000,1000,1000,1000,1000,1000,1000,1000,1000,1000,1000,1000,1000,0,0,0,0,0,0,0,0,0,0,0,0,0,0,0,1681471496
3957366,3955841,3948211,3971862,3600000,3600000,3600000,3600000,3600000,3600000,3600000,3945312,3958282,3962097,516,736,744,742,739,146,146,146,146,146,146,146,740,746,746,1000,1000,1000,1000,1000,1000,1000,1000,1000,1000,1000,1000,1000,1000,0,0,0,0,0,0,0,0,0,0,0,0,0,0,0,1681471497
3956756,3956146,3949432,3972015,3600000,3600000,3600000,3600000,3600000,3600000,3600000,3945770,3958129,3961486,515,736,744,742,739,146,146,146,146,146,146,146,740,746,746,1000,1000,1000,1000,1000,1000,1000,1000,1000,1000,1000,1000,1000,1000,0,0,0,0,0,0,0,0,0,0,0,0,0,0,0,1681471498
3957366,3956298,3948516,3971862,3600000,3600000,3600000,3600000,3600000,3600000,3600000,3945617,3958129,3961334,514,736,744,742,739,146,146,146,146,146,146,146,740,746,746,1000,1000,1000,1000,1000,1000,1000,1000,1000,1000,1000,1000,1000,1000,0,0,0,0,0,0,0,0,0,0,0,0,0,0,0,1681471499
3957519,3956909,3948669,3972167,3600000,3600000,3600000,3600000,3600000,3600000,3600000,3945617,3958129,3962249,515,736,744,742,739,146,146,146,146,146,146,146,740,746,746,1000,1000,1000,1000,1000,1000,1000,1000,1000,1000,1000,1000,1000,1000,0,0,0,0,0,0,0,0,0,0,0,0,0,0,0,1681471500
3957366,3956909,3948822,3971557,3600000,3600000,3600000,3600000,3600000,3600000,3600000,3945159,3958435,3961944,516,736,744,742,739,146,146,146,146,146,146,146,740,746,746,1000,1000,1000,1000,1000,1000,1000,1000,1000,1000,1000,1000,1000,1000,0,0,0,0,0,0,0,0,0,0,0,0,0,0,0,1681471501
3957519,3956756,3949737,3972930,3600000,3600000,3600000,3600000,3600000,3600000,3600000,3946075,3958282,3961486,511,736,744,742,739,146,146,146,146,146,146,146,740,746,746,1000,1000,1000,1000,1000,1000,1000,1000,1000,1000,1000,1000,1000,1000,0,0,0,0,0,0,0,0,0,0,0,0,0,0,0,1681471502
3957214,3957214,3948364,3971405,3600000,3600000,3600000,3600000,3600000,3600000,3600000,3945617,3958587,3961639,512,736,744,742,739,146,146,146,146,146,146,146,740,746,746,1000,1000,1000,1000,1000,1000,1000,1000,1000,1000,1000,1000,1000,1000,0,0,0,0,0,0,0,0,0,0,0,0,0,0,0,1681471503
3957519,3956604,3948516,3971710,3600000,3600000,3600000,3600000,3600000,3600000,3600000,3945159,3957977,3961944,513,736,744,742,739,146,146,146,146,146,146,146,740,746,746,1000,1000,1000,1000,1000,1000,1000,1000,1000,1000,1000,1000,1000,1000,0,0,0,0,0,0,0,0,0,0,0,0,0,0,0,1681471504
3957214,3956146,3948516,3972015,3600000,3600000,3600000,3600000,3600000,3600000,3600000,3945312,3957672,3962097,513,736,744,742,739,146,146,146,146,146,146,146,740,746,746,1000,1000,1000,1000,1000,1000,1000,1000,1000,1000,1000,1000,1000,1000,0,0,0,0,0,0,0,0,0,0,0,0,0,0,0,1681471505
3957061,3955841,3948364,3972015,3600000,3600000,3600000,3600000,3600000,3600000,3600000,3945617,3957824,3961486,514,736,744,742,739,146,146,146,146,146,146,146,740,746,746,1000,1000,1000,1000,1000,1000,1000,1000,1000,1000,1000,1000,1000,1000,0,0,0,0,0,0,0,0,0,0,0,0,0,0,0,1681471506
3957214,3956756,3948211,3971557,3600000,3600000,3600000,3600000,3600000,3600000,3600000,3945617,3957824,3961639,514,736,744,742,739,146,146,146,146,146,146,146,740,746,746,1000,1000,1000,1000,1000,1000,1000,1000,1000,1000,1000,1000,1000,1000,0,0,0,0,0,0,0,0,0,0,0,0,0,0,0,1681471507
3956756,3955688,3947601,3971557,3600000,3600000,3600000,3600000,3600000,3600000,3600000,3945159,3957519,3961486,516,736,744,742,739,146,146,146,146,146,146,146,740,746,746,1000,1000,1000,1000,1000,1000,1000,1000,1000,1000,1000,1000,1000,1000,0,0,0,0,0,0,0,0,0,0,0,0,0,0,0,1681471508
3957214,3955841,3948211,3971557,3600000,3600000,3600000,3600000,3600000,3600000,3600000,3944854,3957519,3961029,516,736,744,742,739,146,146,146,146,146,146,146,740,746,746,1000,1000,1000,1000,1000,1000,1000,1000,1000,1000,1000,1000,1000,1000,0,0,0,0,0,0,0,0,0,0,0,0,0,0,0,1681471509
3956756,3956909,3948669,3972015,3600000,3600000,3600000,3600000,3600000,3600000,3600000,3945770,3958282,3961791,512,736,744,742,739,146,146,146,146,146,146,146,740,746,746,1000,1000,1000,1000,1000,1000,1000,1000,1000,1000,1000,1000,1000,1000,0,0,0,0,0,0,0,0,0,0,0,0,0,0,0,1681471510
3956909,3957061,3948974,3972015,3600000,3600000,3600000,3600000,3600000,3600000,3600000,3945159,3957824,3961791,512,735,743,741,738,145,145,145,145,145,145,145,739,745,745,1000,1000,1000,1000,1000,1000,1000,1000,1000,1000,1000,1000,1000,1000,0,0,0,0,0,0,0,0,0,0,0,0,0,0,0,1681471511
3957519,3955993,3948211,3971099,3600000,3600000,3600000,3600000,3600000,3600000,3600000,3946075,3957366,3961181,514,735,743,741,738,145,145,145,145,145,145,145,739,745,745,1000,1000,1000,1000,1000,1000,1000,1000,1000,1000,1000,1000,1000,1000,0,0,0,0,0,0,0,0,0,0,0,0,0,0,0,1681471512
3957519,3956298,3947296,3971405,3600000,3600000,3600000,3600000,3600000,3600000,3600000,3944396,3957824,3961334,514,735,743,741,738,145,145,145,145,145,145,145,739,745,745,1000,1000,1000,1000,1000,1000,1000,1000,1000,1000,1000,1000,1000,1000,0,0,0,0,0,0,0,0,0,0,0,0,0,0,0,1681471513
3956756,3956298,3948059,3971405,3600000,3600000,3600000,3600000,3600000,3600000,3600000,3945007,3957214,3961791,513,735,743,741,738,145,145,145,145,145,145,145,739,745,745,1000,1000,1000,1000,1000,1000,1000,1000,1000,1000,1000,1000,1000,1000,0,0,0,0,0,0,0,0,0,0,0,0,0,0,0,1681471514
3956451,3956146,3948516,3971099,3600000,3600000,3600000,3600000,3600000,3600000,3600000,3944549,3957824,3961639,513,735,743,741,738,145,145,145,145,145,145,145,739,745,745,1000,1000,1000,1000,1000,1000,1000,1000,1000,1000,1000,1000,1000,1000,0,0,0,0,0,0,0,0,0,0,0,0,0,0,0,1681471515
3957519,3956298,3948516,3971252,3600000,3600000,3600000,3600000,3600000,3600000,3600000,3945465,3957366,3960876,514,735,743,741,738,145,145,145,145,145,145,145,739,745,745,1000,1000,1000,1000,1000,1000,1000,1000,1000,1000,1000,1000,1000,1000,0,0,0,0,0,0,0,0,0,0,0,0,0,0,0,1681471516
3956756,3955993,3948669,3971099,3600000,3600000,3600000,3600000,3600000,3600000,3600000,3944702,3957061,3960723,515,735,743,741,738,145,145,145,145,145,145,145,739,745,745,1000,1000,1000,1000,1000,1000,1000,1000,1000,1000,1000,1000,1000,1000,0,0,0,0,0,0,0,0,0,0,0,0,0,0,0,1681471517
3956756,3955993,3948669,3971099,3600000,3600000,3600000,3600000,3600000,3600000,3600000,3944854,3957977,3961944,513,735,743,741,738,145,145,145,145,145,145,145,739,745,745,1000,1000,1000,1000,1000,1000,1000,1000,1000,1000,1000,1000,1000,1000,0,0,0,0,0,0,0,0,0,0,0,0,0,0,0,1681471518
3956298,3955993,3948364,3971710,3600000,3600000,3600000,3600000,3600000,3600000,3600000,3945007,3957672,3961486,513,735,743,741,738,145,145,145,145,145,145,145,739,745,745,1000,1000,1000,1000,1000,1000,1000,1000,1000,1000,1000,1000,1000,1000,0,0,0,0,0,0,0,0,0,0,0,0,0,0,0,1681471519
3956451,3955993,3947143,3970642,3600000,3600000,3600000,3600000,3600000,3600000,3600000,3944396,3957061,3960418,516,735,743,741,738,145,145,145,145,145,145,145,739,745,745,1000,1000,1000,1000,1000,1000,1000,1000,1000,1000,1000,1000,1000,1000,0,0,0,0,0,0,0,0,0,0,0,0,0,0,0,1681471520
3956146,3955688,3946990,3971710,3600000,3600000,3600000,3600000,3600000,3600000,3600000,3943939,3956756,3960418,518,735,743,741,738,145,145,145,145,145,145,145,739,745,745,1000,1000,1000,1000,1000,1000,1000,1000,1000,1000,1000,1000,1000,1000,0,0,0,0,0,0,0,0,0,0,0,0,0,0,0,1681471521
3956909,3955841,3948516,3971557,3600000,3600000,3600000,3600000,3600000,3600000,3600000,3944702,3957366,3960723,512,735,743,741,738,145,145,145,145,145,145,145,739,745,745,1000,1000,1000,1000,1000,1000,1000,1000,1000,1000,1000,1000,1000,1000,0,0,0,0,0,0,0,0,0,0,0,0,0,0,0,1681471522
3956451,3955688,3948364,3971710,3600000,3600000,3600000,3600000,3600000,3600000,3600000,3945007,3956909,3960571,512,735,743,741,738,145,145,145,145,145,145,145,739,745,745,1000,1000,1000,1000,1000,1000,1000,1000,1000,1000,1000,1000,1000,1000,0,0,0,0,0,0,0,0,0,0,0,0,0,0,0,1681471523
3956756,3956146,3947601,3970947,3600000,3600000,3600000,3600000,3600000,3600000,3600000,3944244,3956909,3961029,514,735,743,741,738,145,145,145,145,145,145,145,739,745,745,1000,1000,1000,1000,1000,1000,1000,1000,1000,1000,1000,1000,1000,1000,0,0,0,0,0,0,0,0,0,0,0,0,0,0,0,1681471524
3956298,3955535,3946838,3970642,3600000,3600000,3600000,3600000,3600000,3600000,3600000,3944549,3956909,3960571,515,735,743,741,738,145,145,145,145,145,145,145,739,745,745,1000,1000,1000,1000,1000,1000,1000,1000,1000,1000,1000,1000,1000,1000,0,0,0,0,0,0,0,0,0,0,0,0,0,0,0,1681471525
3956604,3955841,3948211,3970947,3600000,3600000,3600000,3600000,3600000,3600000,3600000,3945007,3957366,3960723,510,735,743,741,738,145,145,145,145,145,145,145,739,745,745,1000,1000,1000,1000,1000,1000,1000,1000,1000,1000,1000,1000,1000,1000,0,0,0,0,0,0,0,0,0,0,0,0,0,0,0,1681471526
3956451,3955993,3947601,3971099,3600000,3600000,3600000,3600000,3600000,3600000,3600000,3943786,3956756,3960571,515,735,743,741,738,145,145,145,145,145,145,145,739,745,745,1000,1000,1000,1000,1000,1000,1000,1000,1000,1000,1000,1000,1000,1000,0,0,0,0,0,0,0,0,0,0,0,0,0,0,0,1681471527
3955383,3954925,3947601,3970336,3600000,3600000,3600000,3600000,3600000,3600000,3600000,3944091,3957061,3960418,515,735,743,741,738,145,145,145,145,145,145,145,739,745,745,1000,1000,1000,1000,1000,1000,1000,1000,1000,1000,1000,1000,1000,1000,0,0,0,0,0,0,0,0,0,0,0,0,0,0,0,1681471528
3956451,3955841,3947143,3970489,3600000,3600000,3600000,3600000,3600000,3600000,3600000,3944091,3957366,3961029,514,735,743,741,738,145,145,145,145,145,145,145,739,745,745,1000,1000,1000,1000,1000,1000,1000,1000,1000,1000,1000,1000,1000,1000,0,0,0,0,0,0,0,0,0,0,0,0,0,0,0,1681471529
3955688,3955535,3946838,3970336,3600000,3600000,3600000,3600000,3600000,3600000,3600000,3944091,3956756,3960571,515,735,743,741,738,145,145,145,145,145,145,145,739,745,745,1000,1000,1000,1000,1000,1000,1000,1000,1000,1000,1000,1000,1000,1000,0,0,0,0,0,0,0,0,0,0,0,0,0,0,0,1681471530
3956298,3955841,3947143,3970947,3600000,3600000,3600000,3600000,3600000,3600000,3600000,3944549,3956146,3959808,514,734,742,740,737,144,144,144,144,144,144,144,738,744,744,1000,1000,1000,1000,1000,1000,1000,1000,1000,1000,1000,1000,1000,1000,0,0,0,0,0,0,0,0,0,0,0,0,0,0,0,1681471531
3955841,3955230,3947601,3970031,3600000,3600000,3600000,3600000,3600000,3600000,3600000,3943481,3956909,3960266,514,734,742,740,737,144,144,144,144,144,144,144,738,744,744,1000,1000,1000,1000,1000,1000,1000,1000,1000,1000,1000,1000,1000,1000,0,0,0,0,0,0,0,0,0,0,0,0,0,0,0,1681471532
3955841,3955383,3947296,3970794,3600000,3600000,3600000,3600000,3600000,3600000,3600000,3944396,3956451,3960266,514,734,742,740,737,144,144,144,144,144,144,144,738,744,744,1000,1000,1000,1000,1000,1000,1000,1000,1000,1000,1000,1000,1000,1000,0,0,0,0,0,0,0,0,0,0,0,0,0,0,0,1681471533
3956298,3955383,3947296,3970794,3600000,3600000,3600000,3600000,3600000,3600000,3600000,3943481,3956604,3961029,514,734,742,740,737,144,144,144,144,144,144,144,738,744,744,1000,1000,1000,1000,1000,1000,1000,1000,1000,1000,1000,1000,1000,1000,0,0,0,0,0,0,0,0,0,0,0,0,0,0,0,1681471534
3956756,3956298,3947601,3970794,3600000,3600000,3600000,3600000,3600000,3600000,3600000,3945007,3956451,3960876,510,734,742,740,737,144,144,144,144,144,144,144,738,744,744,1000,1000,1000,1000,1000,1000,1000,1000,1000,1000,1000,1000,1000,1000,0,0,0,0,0,0,0,0,0,0,0,0,0,0,0,1681471535
3955993,3955383,3947906,3970794,3600000,3600000,3600000,3600000,3600000,3600000,3600000,3944091,3957061,3960571,512,734,742,740,737,144,144,144,144,144,144,144,738,744,744,1000,1000,1000,1000,1000,1000,1000,1000,1000,1000,1000,1000,1000,1000,0,0,0,0,0,0,0,0,0,0,0,0,0,0,0,1681471536
3955993,3954467,3946533,3969726,3600000,3600000,3600000,3600000,3600000,3600000,3600000,3944244,3956756,3960571,513,734,742,740,737,144,144,144,144,144,144,144,738,744,744,1000,1000,1000,1000,1000,1000,1000,1000,1000,1000,1000,1000,1000,1000,0,0,0,0,0,0,0,0,0,0,0,0,0,0,0,1681471537
3956146,3955230,3947296,3971099,3600000,3600000,3600000,3600000,3600000,3600000,3600000,3943939,3956604,3960113,514,734,742,740,737,144,144,144,144,144,144,144,738,744,744,1000,1000,1000,1000,1000,1000,1000,1000,1000,1000,1000,1000,1000,1000,0,0,0,0,0,0,0,0,0,0,0,0,0,0,0,1681471538
3955993,3954772,3947296,3970642,3600000,3600000,3600000,3600000,3600000,3600000,3600000,3943786,3956756,3960571,512,734,742,740,737,144,144,144,144,144,144,144,738,744,744,1000,1000,1000,1000,1000,1000,1000,1000,1000,1000,1000,1000,1000,1000,0,0,0,0,0,0,0,0,0,0,0,0,0,0,0,1681471539
3955841,3954925,3947296,3970184,3600000,3600000,3600000,3600000,3600000,3600000,3600000,3944244,3956146,3960418,516,734,742,740,737,144,144,144,144,144,144,144,738,744,744,1000,1000,1000,1000,1000,1000,1000,1000,1000,1000,1000,1000,1000,1000,0,0,0,0,0,0,0,0,0,0,0,0,0,0,0,1681471540
3955383,3954925,3947143,3970642,3600000,3600000,3600000,3600000,3600000,3600000,3600000,3943634,3956604,3960723,515,734,742,740,737,144,144,144,144,144,144,144,738,744,744,1000,1000,1000,1000,1000,1000,1000,1000,1000,1000,1000,1000,1000,1000,0,0,0,0,0,0,0,0,0,0,0,0,0,0,0,1681471541
3955535,3954925,3947601,3970947,3600000,3600000,3600000,3600000,3600000,3600000,3600000,3943786,3956756,3960418,512,734,742,740,737,144,144,144,144,144,144,144,738,744,744,1000,1000,1000,1000,1000,1000,1000,1000,1000,1000,1000,1000,1000,1000,0,0,0,0,0,0,0,0,0,0,0,0,0,0,0,1681471542
3955688,3955078,3946838,3970184,3600000,3600000,3600000,3600000,3600000,3600000,3600000,3943481,3955841,3959503,513,734,742,740,737,144,144,144,144,144,144,144,738,744,744,1000,1000,1000,1000,1000,1000,1000,1000,1000,1000,1000,1000,1000,1000,0,0,0,0,0,0,0,0,0,0,0,0,0,0,0,1681471543
3956298,3955230,3946685,3969726,3600000,3600000,3600000,3600000,3600000,3600000,3600000,3943634,3956146,3959808,513,734,742,740,737,144,144,144,144,144,144,144,738,744,744,1000,1000,1000,1000,1000,1000,1000,1000,1000,1000,1000,1000,1000,1000,0,0,0,0,0,0,0,0,0,0,0,0,0,0,0,1681471544
3955230,3955078,3947143,3969879,3600000,3600000,3600000,3600000,3600000,3600000,3600000,3943328,3956146,3959503,513,734,742,740,737,144,144,144,144,144,144,144,738,744,744,1000,1000,1000,1000,1000,1000,1000,1000,1000,1000,1000,1000,1000,1000,0,0,0,0,0,0,0,0,0,0,0,0,0,0,0,1681471545
3955230,3954925,3946685,3970489,3600000,3600000,3600000,3600000,3600000,3600000,3600000,3943176,3956298,3959808,513,734,742,740,737,144,144,144,144,144,144,144,738,744,744,1000,1000,1000,1000,1000,1000,1000,1000,1000,1000,1000,1000,1000,1000,0,0,0,0,0,0,0,0,0,0,0,0,0,0,0,1681471546
3955230,3954925,3946685,3969726,3600000,3600000,3600000,3600000,3600000,3600000,3600000,3943786,3955993,3959960,512,734,742,740,737,144,144,144,144,144,144,144,738,744,744,1000,1000,1000,1000,1000,1000,1000,1000,1000,1000,1000,1000,1000,1000,0,0,0,0,0,0,0,0,0,0,0,0,0,0,0,1681471547
3955841,3954925,3946380,3969879,3600000,3600000,3600000,3600000,3600000,3600000,3600000,3943023,3955535,3960113,513,734,742,740,737,144,144,144,144,144,144,144,738,744,744,1000,1000,1000,1000,1000,1000,1000,1000,1000,1000,1000,1000,1000,1000,0,0,0,0,0,0,0,0,0,0,0,0,0,0,0,1681471548
3955535,3955230,3947296,3970184,3600000,3600000,3600000,3600000,3600000,3600000,3600000,3943176,3956298,3959960,513,734,742,740,737,144,144,144,144,144,144,144,738,744,744,1000,1000,1000,1000,1000,1000,1000,1000,1000,1000,1000,1000,1000,1000,0,0,0,0,0,0,0,0,0,0,0,0,0,0,0,1681471549
3954772,3954467,3945922,3969726,3600000,3600000,3600000,3600000,3600000,3600000,3600000,3943634,3955688,3959503,514,734,742,740,737,144,144,144,144,144,144,144,738,744,744,1000,1000,1000,1000,1000,1000,1000,1000,1000,1000,1000,1000,1000,1000,0,0,0,0,0,0,0,0,0,0,0,0,0,0,0,1681471550
3955078,3954162,3946990,3970031,3600000,3600000,3600000,3600000,3600000,3600000,3600000,3942718,3955993,3959808,516,733,741,739,736,143,143,143,143,143,143,143,737,743,743,1000,1000,1000,1000,1000,1000,1000,1000,1000,1000,1000,1000,1000,1000,0,0,0,0,0,0,0,0,0,0,0,0,0,0,0,1681471551
3955078,3954162,3946533,3970336,3600000,3600000,3600000,3600000,3600000,3600000,3600000,3943634,3955383,3958892,514,733,741,739,736,143,143,143,143,143,143,143,737,743,743,1000,1000,1000,1000,1000,1000,1000,1000,1000,1000,1000,1000,1000,1000,0,0,0,0,0,0,0,0,0,0,0,0,0,0,0,1681471552
3955230,3954467,3946228,3969421,3600000,3600000,3600000,3600000,3600000,3600000,3600000,3943481,3955993,3959503,513,733,741,739,736,143,143,143,143,143,143,143,737,743,743,1000,1000,1000,1000,1000,1000,1000,1000,1000,1000,1000,1000,1000,1000,0,0,0,0,0,0,0,0,0,0,0,0,0,0,0,1681471553
3955078,3954315,3946228,3969421,3600000,3600000,3600000,3600000,3600000,3600000,3600000,3943176,3955688,3959197,515,733,741,739,736,143,143,143,143,143,143,143,737,743,743,1000,1000,1000,1000,1000,1000,1000,1000,1000,1000,1000,1000,1000,1000,0,0,0,0,0,0,0,0,0,0,0,0,0,0,0,1681471554
3954772,3954925,3946685,3970184,3600000,3600000,3600000,3600000,3600000,3600000,3600000,3942718,3956146,3959655,514,733,741,739,736,143,143,143,143,143,143,143,737,743,743,1000,1000,1000,1000,1000,1000,1000,1000,1000,1000,1000,1000,1000,1000,0,0,0,0,0,0,0,0,0,0,0,0,0,0,0,1681471555
3954315,3953552,3945922,3968811,3600000,3600000,3600000,3600000,3600000,3600000,3600000,3943176,3955841,3959350,513,733,741,739,736,143,143,143,143,143,143,143,737,743,743,1000,1000,1000,1000,1000,1000,1000,1000,1000,1000,1000,1000,1000,1000,0,0,0,0,0,0,0,0,0,0,0,0,0,0,0,1681471556
3955078,3954467,3946075,3969421,3600000,3600000,3600000,3600000,3600000,3600000,3600000,3943176,3955535,3959197,513,733,741,739,736,143,143,143,143,143,143,143,737,743,743,1000,1000,1000,1000,1000,1000,1000,1000,1000,1000,1000,1000,1000,1000,0,0,0,0,0,0,0,0,0,0,0,0,0,0,0,1681471557
3955078,3953704,3946533,3969268,3600000,3600000,3600000,3600000,3600000,3600000,3600000,3943176,3956146,3959808,513,733,741,739,736,143,143,143,143,143,143,143,737,743,743,1000,1000,1000,1000,1000,1000,1000,1000,1000,1000,1000,1000,1000,1000,0,0,0,0,0,0,0,0,0,0,0,0,0,0,0,1681471558
3954925,3954162,3946075,3969116,3600000,3600000,3600000,3600000,3600000,3600000,3600000,3942718,3955993,3959197,515,733,741,739,736,143,143,143,143,143,143,143,737,743,743,1000,1000,1000,1000,1000,1000,1000,1000,1000,1000,1000,1000,1000,1000,0,0,0,0,0,0,0,0,0,0,0,0,0,0,0,1681471559
3954772,3954467,3945922,3969268,3600000,3600000,3600000,3600000,3600000,3600000,3600000,3942718,3955688,3958740,514,733,741,739,736,143,143,143,143,143,143,143,737,743,743,1000,1000,1000,1000,1000,1000,1000,1000,1000,1000,1000,1000,1000,1000,0,0,0,0,0,0,0,0,0,0,0,0,0,0,0,1681471560
3954467,3953857,3945465,3969726,3600000,3600000,3600000,3600000,3600000,3600000,3600000,3942413,3955535,3959350,515,733,741,739,736,143,143,143,143,143,143,143,737,743,743,1000,1000,1000,1000,1000,1000,1000,1000,1000,1000,1000,1000,1000,1000,0,0,0,0,0,0,0,0,0,0,0,0,0,0,0,1681471561
3954467,3953552,3945617,3969268,3600000,3600000,3600000,3600000,3600000,3600000,3600000,3943328,3955535,3959197,515,733,741,739,736,143,143,143,143,143,143,143,737,743,743,1000,1000,1000,1000,1000,1000,1000,1000,1000,1000,1000,1000,1000,1000,0,0,0,0,0,0,0,0,0,0,0,0,0,0,0,1681471562
3954467,3954315,3946075,3968963,3600000,3600000,3600000,3600000,3600000,3600000,3600000,3942260,3955078,3959045,514,733,741,739,736,143,143,143,143,143,143,143,737,743,743,1000,1000,1000,1000,1000,1000,1000,1000,1000,1000,1000,1000,1000,1000,0,0,0,0,0,0,0,0,0,0,0,0,0,0,0,1681471563
3955078,3954315,3945617,3969421,3600000,3600000,3600000,3600000,3600000,3600000,3600000,3941955,3955688,3959045,512,733,741,739,736,143,143,143,143,143,143,143,737,743,743,1000,1000,1000,1000,1000,1000,1000,1000,1000,1000,1000,1000,1000,1000,0,0,0,0,0,0,0,0,0,0,0,0,0,0,0,1681471564
3954315,3953704,3945770,3968658,3600000,3600000,3600000,3600000,3600000,3600000,3600000,3942718,3955535,3959197,511,733,741,739,736,143,143,143,143,143,143,143,737,743,743,1000,1000,1000,1000,1000,1000,1000,1000,1000,1000,1000,1000,1000,1000,0,0,0,0,0,0,0,0,0,0,0,0,0,0,0,1681471565
3954620,3954010,3945465,3968505,3600000,3600000,3600000,3600000,3600000,3600000,3600000,3942871,3955535,3959350,514,733,741,739,736,143,143,143,143,143,143,143,737,743,743,1000,1000,1000,1000,1000,1000,1000,1000,1000,1000,1000,1000,1000,1000,0,0,0,0,0,0,0,0,0,0,0,0,0,0,0,1681471566
3954620,3954315,3945922,3968505,3600000,3600000,3600000,3600000,3600000,3600000,3600000,3942871,3955383,3959197,512,733,741,739,736,143,143,143,143,143,143,143,737,743,743,1000,1000,1000,1000,1000,1000,1000,1000,1000,1000,1000,1000,1000,1000,0,0,0,0,0,0,0,0,0,0,0,0,0,0,0,1681471567
3954620,3953399,3946380,3969421,3600000,3600000,3600000,3600000,3600000,3600000,3600000,3942413,3955230,3958282,514,733,741,739,736,143,143,143,143,143,143,143,737,743,743,1000,1000,1000,1000,1000,1000,1000,1000,1000,1000,1000,1000,1000,1000,0,0,0,0,0,0,0,0,0,0,0,0,0,0,0,1681471568
3954772,3953704,3945922,3969268,3600000,3600000,3600000,3600000,3600000,3600000,3600000,3942718,3955383,3959045,513,733,741,739,736,143,143,143,143,143,143,143,737,743,743,1000,1000,1000,1000,1000,1000,1000,1000,1000,1000,1000,1000,1000,1000,0,0,0,0,0,0,0,0,0,0,0,0,0,0,0,1681471569
3953857,3953552,3945617,3969116,3600000,3600000,3600000,3600000,3600000,3600000,3600000,3942413,3955230,3959350,515,733,741,739,736,143,143,143,143,143,143,143,737,743,743,1000,1000,1000,1000,1000,1000,1000,1000,1000,1000,1000,1000,1000,1000,0,0,0,0,0,0,0,0,0,0,0,0,0,0,0,1681471570
3953399,3953247,3945465,3968963,3600000,3600000,3600000,3600000,3600000,3600000,3600000,3942108,3955688,3959045,516,732,740,738,735,142,142,142,142,142,142,142,736,742,742,1000,1000,1000,1000,1000,1000,1000,1000,1000,1000,1000,1000,1000,1000,0,0,0,0,0,0,0,0,0,0,0,0,0,0,0,1681471571
3954620,3953704,3945770,3969116,3600000,3600000,3600000,3600000,3600000,3600000,3600000,3942718,3954315,3958435,514,732,740,738,735,142,142,142,142,142,142,142,736,742,742,1000,1000,1000,1000,1000,1000,1000,1000,1000,1000,1000,1000,1000,1000,0,0,0,0,0,0,0,0,0,0,0,0,0,0,0,1681471572
3954315,3954010,3945312,3968200,3600000,3600000,3600000,3600000,3600000,3600000,3600000,3942260,3954162,3957214,516,732,740,738,735,142,142,142,142,142,142,142,736,742,742,1000,1000,1000,1000,1000,1000,1000,1000,1000,1000,1000,1000,1000,1000,0,0,0,0,0,0,0,0,0,0,0,0,0,0,0,1681471573
3953247,3953704,3945159,3968811,3600000,3600000,3600000,3600000,3600000,3600000,3600000,3941192,3954467,3957672,517,732,740,738,735,142,142,142,142,142,142,142,736,742,742,1000,1000,1000,1000,1000,1000,1000,1000,1000,1000,1000,1000,1000,1000,0,0,0,0,0,0,0,0,0,0,0,0,0,0,0,1681471574
3954162,3953399,3945465,3968658,3600000,3600000,3600000,3600000,3600000,3600000,3600000,3941955,3954925,3958587,516,732,740,738,735,142,142,142,142,142,142,142,736,742,742,1000,1000,1000,1000,1000,1000,1000,1000,1000,1000,1000,1000,1000,1000,0,0,0,0,0,0,0,0,0,0,0,0,0,0,0,1681471575
3954162,3953399,3945617,3968963,3600000,3600000,3600000,3600000,3600000,3600000,3600000,3941802,3955078,3958435,513,732,740,738,735,142,142,142,142,142,142,142,736,742,742,1000,1000,1000,1000,1000,1000,1000,1000,1000,1000,1000,1000,1000,1000,0,0,0,0,0,0,0,0,0,0,0,0,0,0,0,1681471576
3953247,3952484,3944396,3968048,3600000,3600000,3600000,3600000,3600000,3600000,3600000,3941802,3954925,3957977,518,732,740,738,735,142,142,142,142,142,142,142,736,742,742,1000,1000,1000,1000,1000,1000,1000,1000,1000,1000,1000,1000,1000,1000,0,0,0,0,0,0,0,0,0,0,0,0,0,0,0,1681471577
3953704,3953247,3944854,3968353,3600000,3600000,3600000,3600000,3600000,3600000,3600000,3942565,3954315,3957977,515,732,740,738,735,142,142,142,142,142,142,142,736,742,742,1000,1000,1000,1000,1000,1000,1000,1000,1000,1000,1000,1000,1000,1000,0,0,0,0,0,0,0,0,0,0,0,0,0,0,0,1681471578
3953399,3953247,3945007,3968048,3600000,3600000,3600000,3600000,3600000,3600000,3600000,3942260,3954010,3957366,516,732,740,738,735,142,142,142,142,142,142,142,736,742,742,1000,1000,1000,1000,1000,1000,1000,1000,1000,1000,1000,1000,1000,1000,0,0,0,0,0,0,0,0,0,0,0,0,0,0,0,1681471579
3953857,3953247,3944854,3968505,3600000,3600000,3600000,3600000,3600000,3600000,3600000,3941802,3954620,3958892,515,732,740,738,735,142,142,142,142,142,142,142,736,742,742,1000,1000,1000,1000,1000,1000,1000,1000,1000,1000,1000,1000,1000,1000,0,0,0,0,0,0,0,0,0,0,0,0,0,0,0,1681471580
3953552,3952941,3945007,3968963,3600000,3600000,3600000,3600000,3600000,3600000,3600000,3941802,3954162,3958282,514,732,740,738,735,142,142,142,142,142,142,142,736,742,742,1000,1000,1000,1000,1000,1000,1000,1000,1000,1000,1000,1000,1000,1000,0,0,0,0,0,0,0,0,0,0,0,0,0,0,0,1681471581
3953704,3953552,3945312,3968811,3600000,3600000,3600000,3600000,3600000,3600000,3600000,3942260,3954315,3958435,513,732,740,738,735,142,142,142,142,142,142,142,736,742,742,1000,1000,1000,1000,1000,1000,1000,1000,1000,1000,1000,1000,1000,1000,0,0,0,0,0,0,0,0,0,0,0,0,0,0,0,1681471582
3954467,3954467,3945312,3968811,3600000,3600000,3600000,3600000,3600000,3600000,3600000,3942718,3955230,3959045,512,732,740,738,735,142,142,142,142,142,142,142,736,742,742,1000,1000,1000,1000,1000,1000,1000,1000,1000,1000,1000,1000,1000,1000,0,0,0,0,0,0,0,0,0,0,0,0,0,0,0,1681471583
3953704,3953094,3945770,3969268,3600000,3600000,3600000,3600000,3600000,3600000,3600000,3941497,3954620,3957824,512,732,740,738,735,142,142,142,142,142,142,142,736,742,742,1000,1000,1000,1000,1000,1000,1000,1000,1000,1000,1000,1000,1000,1000,0,0,0,0,0,0,0,0,0,0,0,0,0,0,0,1681471584
3953094,3953094,3944854,3968200,3600000,3600000,3600000,3600000,3600000,3600000,3600000,3942260,3954010,3957977,515,732,740,738,735,142,142,142,142,142,142,142,736,742,742,1000,1000,1000,1000,1000,1000,1000,1000,1000,1000,1000,1000,1000,1000,0,0,0,0,0,0,0,0,0,0,0,0,0,0,0,1681471585
3953399,3953552,3944549,3968200,3600000,3600000,3600000,3600000,3600000,3600000,3600000,3941955,3954925,3957977,515,732,740,738,735,142,142,142,142,142,142,142,736,742,742,1000,1000,1000,1000,1000,1000,1000,1000,1000,1000,1000,1000,1000,1000,0,0,0,0,0,0,0,0,0,0,0,0,0,0,0,1681471586
3953857,3952941,3945617,3968048,3600000,3600000,3600000,3600000,3600000,3600000,3600000,3941802,3954925,3958435,514,732,740,738,735,142,142,142,142,142,142,142,736,742,742,1000,1000,1000,1000,1000,1000,1000,1000,1000,1000,1000,1000,1000,1000,0,0,0,0,0,0,0,0,0,0,0,0,0,0,0,1681471587
3953552,3952941,3944396,3968505,3600000,3600000,3600000,3600000,3600000,3600000,3600000,3942108,3954467,3958129,515,732,740,738,735,142,142,142,142,142,142,142,736,742,742,1000,1000,1000,1000,1000,1000,1000,1000,1000,1000,1000,1000,1000,1000,0,0,0,0,0,0,0,0,0,0,0,0,0,0,0,1681471588
3953552,3952941,3944702,3968200,3600000,3600000,3600000,3600000,3600000,3600000,3600000,3940887,3953857,3957366,517,732,740,738,735,142,142,142,142,142,142,142,736,742,742,1000,1000,1000,1000,1000,1000,1000,1000,1000,1000,1000,1000,1000,1000,0,0,0,0,0,0,0,0,0,0,0,0,0,0,0,1681471589
3952941,3952941,3944396,3967895,3600000,3600000,3600000,3600000,3600000,3600000,3600000,3940887,3954010,3957672,516,732,740,738,735,142,142,142,142,142,142,142,736,742,742,1000,1000,1000,1000,1000,1000,1000,1000,1000,1000,1000,1000,1000,1000,0,0,0,0,0,0,0,0,0,0,0,0,0,0,0,1681471590
3953704,3952941,3945465,3968353,3600000,3600000,3600000,3600000,3600000,3600000,3600000,3941192,3953857,3957824,513,731,739,737,734,141,141,141,141,141,141,141,735,741,741,1000,1000,1000,1000,1000,1000,1000,1000,1000,1000,1000,1000,1000,1000,0,0,0,0,0,0,0,0,0,0,0,0,0,0,0,1681471591
3953704,3953094,3945007,3968200,3600000,3600000,3600000,3600000,3600000,3600000,3600000,3940887,3954010,3957672,514,731,739,737,734,141,141,141,141,141,141,141,735,741,741,1000,1000,1000,1000,1000,1000,1000,1000,1000,1000,1000,1000,1000,1000,0,0,0,0,0,0,0,0,0,0,0,0,0,0,0,1681471592
3953399,3952636,3944702,3967437,3600000,3600000,3600000,3600000,3600000,3600000,3600000,3941345,3954467,3957977,514,731,739,737,734,141,141,141,141,141,141,141,735,741,741,1000,1000,1000,1000,1000,1000,1000,1000,1000,1000,1000,1000,1000,1000,0,0,0,0,0,0,0,0,0,0,0,0,0,0,0,1681471593
3953247,3952789,3945007,3967590,3600000,3600000,3600000,3600000,3600000,3600000,3600000,3941192,3954772,3957824,512,731,739,737,734,141,141,141,141,141,141,141,735,741,741,1000,1000,1000,1000,1000,1000,1000,1000,1000,1000,1000,1000,1000,1000,0,0,0,0,0,0,0,0,0,0,0,0,0,0,0,1681471594
3952941,3952636,3944854,3968658,3600000,3600000,3600000,3600000,3600000,3600000,3600000,3941497,3954162,3957824,512,731,739,737,734,141,141,141,141,141,141,141,735,741,741,1000,1000,1000,1000,1000,1000,1000,1000,1000,1000,1000,1000,1000,1000,0,0,0,0,0,0,0,0,0,0,0,0,0,0,0,1681471595
3952789,3952789,3944854,3967742,3600000,3600000,3600000,3600000,3600000,3600000,3600000,3941192,3953857,3957366,516,731,739,737,734,141,141,141,141,141,141,141,735,741,741,1000,1000,1000,1000,1000,1000,1000,1000,1000,1000,1000,1000,1000,1000,0,0,0,0,0,0,0,0,0,0,0,0,0,0,0,1681471596
3953704,3952636,3944396,3967590,3600000,3600000,3600000,3600000,3600000,3600000,3600000,3940429,3954010,3956756,516,731,739,737,734,141,141,141,141,141,141,141,735,741,741,1000,1000,1000,1000,1000,1000,1000,1000,1000,1000,1000,1000,1000,1000,0,0,0,0,0,0,0,0,0,0,0,0,0,0,0,1681471597
3953247,3952636,3943634,3967742,3600000,3600000,3600000,3600000,3600000,3600000,3600000,3941802,3954010,3957519,513,731,739,737,734,141,141,141,141,141,141,141,735,741,741,1000,1000,1000,1000,1000,1000,1000,1000,1000,1000,1000,1000,1000,1000,0,0,0,0,0,0,0,0,0,0,0,0,0,0,0,1681471598
3952636,3952789,3944854,3967742,3600000,3600000,3600000,3600000,3600000,3600000,3600000,3941040,3954010,3956909,514,731,739,737,734,141,141,141,141,141,141,141,735,741,741,1000,1000,1000,1000,1000,1000,1000,1000,1000,1000,1000,1000,1000,1000,0,0,0,0,0,0,0,0,0,0,0,0,0,0,0,1681471599
3952941,3952484,3944549,3967285,3600000,3600000,3600000,3600000,3600000,3600000,3600000,3941192,3954162,3957366,513,731,739,737,734,141,141,141,141,141,141,141,735,741,741,1000,1000,1000,1000,1000,1000,1000,1000,1000,1000,1000,1000,1000,1000,0,0,0,0,0,0,0,0,0,0,0,0,0,0,0,1681471600
3953704,3953399,3944549,3967742,3600000,3600000,3600000,3600000,3600000,3600000,3600000,3940887,3953399,3957061,513,731,739,737,734,141,141,141,141,141,141,141,735,741,741,1000,1000,1000,1000,1000,1000,1000,1000,1000,1000,1000,1000,1000,1000,0,0,0,0,0,0,0,0,0,0,0,0,0,0,0,1681471601
3952484,3952331,3944091,3967742,3600000,3600000,3600000,3600000,3600000,3600000,3600000,3941192,3953704,3957672,515,731,739,737,734,141,141,141,141,141,141,141,735,741,741,1000,1000,1000,1000,1000,1000,1000,1000,1000,1000,1000,1000,1000,1000,0,0,0,0,0,0,0,0,0,0,0,0,0,0,0,1681471602
3953094,3952484,3944244,3967895,3600000,3600000,3600000,3600000,3600000,3600000,3600000,3941040,3953399,3957061,515,731,739,737,734,141,141,141,141,141,141,141,735,741,741,1000,1000,1000,1000,1000,1000,1000,1000,1000,1000,1000,1000,1000,1000,0,0,0,0,0,0,0,0,0,0,0,0,0,0,0,1681471603
3953399,3952636,3944549,3968048,3600000,3600000,3600000,3600000,3600000,3600000,3600000,3941040,3953704,3957519,511,731,739,737,734,141,141,141,141,141,141,141,735,741,741,1000,1000,1000,1000,1000,1000,1000,1000,1000,1000,1000,1000,1000,1000,0,0,0,0,0,0,0,0,0,0,0,0,0,0,0,1681471604
3952331,3951873,3944244,3967742,3600000,3600000,3600000,3600000,3600000,3600000,3600000,3940429,3953247,3956909,515,731,739,737,734,141,141,141,141,141,141,141,735,741,741,1000,1000,1000,1000,1000,1000,1000,1000,1000,1000,1000,1000,1000,1000,0,0,0,0,0,0,0,0,0,0,0,0,0,0,0,1681471605
3953399,3952789,3944549,3966979,3600000,3600000,3600000,3600000,3600000,3600000,3600000,3941192,3953857,3956909,511,731,739,737,734,141,141,141,141,141,141,141,735,741,741,1000,1000,1000,1000,1000,1000,1000,1000,1000,1000,1000,1000,1000,1000,0,0,0,0,0,0,0,0,0,0,0,0,0,0,0,1681471606
3952484,3952484,3943634,3966979,3600000,3600000,3600000,3600000,3600000,3600000,3600000,3940887,3953399,3957214,515,731,739,737,734,141,141,141,141,141,141,141,735,741,741,1000,1000,1000,1000,1000,1000,1000,1000,1000,1000,1000,1000,1000,1000,0,0,0,0,0,0,0,0,0,0,0,0,0,0,0,1681471607
3952636,3951873,3943634,3966674,3600000,3600000,3600000,3600000,3600000,3600000,3600000,3940582,3953552,3957061,514,731,739,737,734,141,141,141,141,141,141,141,735,741,741,1000,1000,1000,1000,1000,1000,1000,1000,1000,1000,1000,1000,1000,1000,0,0,0,0,0,0,0,0,0,0,0,0,0,0,0,1681471608
3953094,3951416,3944244,3967285,3600000,3600000,3600000,3600000,3600000,3600000,3600000,3940734,3954010,3957214,514,731,739,737,734,141,141,141,141,141,141,141,735,741,741,1000,1000,1000,1000,1000,1000,1000,1000,1000,1000,1000,1000,1000,1000,0,0,0,0,0,0,0,0,0,0,0,0,0,0,0,1681471609
3951873,3951568,3943634,3966522,3600000,3600000,3600000,3600000,3600000,3600000,3600000,3940124,3953247,3957214,515,731,739,737,734,141,141,141,141,141,141,141,735,741,741,1000,1000,1000,1000,1000,1000,1000,1000,1000,1000,1000,1000,1000,1000,0,0,0,0,0,0,0,0,0,0,0,0,0,0,0,1681471610
3952941,3952484,3943786,3966979,3600000,3600000,3600000,3600000,3600000,3600000,3600000,3939666,3953094,3957061,515,730,738,736,733,140,140,140,140,140,140,140,734,740,740,1000,1000,1000,1000,1000,1000,1000,1000,1000,1000,1000,1000,1000,1000,0,0,0,0,0,0,0,0,0,0,0,0,0,0,0,1681471611
3951568,3951263,3942871,3966369,3600000,3600000,3600000,3600000,3600000,3600000,3600000,3940582,3952789,3956604,517,730,738,736,733,140,140,140,140,140,140,140,734,740,740,1000,1000,1000,1000,1000,1000,1000,1000,1000,1000,1000,1000,1000,1000,0,0,0,0,0,0,0,0,0,0,0,0,0,0,0,1681471612
3952026,3951721,3943328,3966979,3600000,3600000,3600000,3600000,3600000,3600000,3600000,3939971,3953247,3956146,516,730,738,736,733,140,140,140,140,140,140,140,734,740,740,1000,1000,1000,1000,1000,1000,1000,1000,1000,1000,1000,1000,1000,1000,0,0,0,0,0,0,0,0,0,0,0,0,0,0,0,1681471613
3952941,3952026,3944396,3966827,3600000,3600000,3600000,3600000,3600000,3600000,3600000,3940277,3952789,3956756,511,730,738,736,733,140,140,140,140,140,140,140,734,740,740,1000,1000,1000,1000,1000,1000,1000,1000,1000,1000,1000,1000,1000,1000,0,0,0,0,0,0,0,0,0,0,0,0,0,0,0,1681471614
3952331,3951721,3944244,3966827,3600000,3600000,3600000,3600000,3600000,3600000,3600000,3940277,3952636,3956451,514,730,738,736,733,140,140,140,140,140,140,140,734,740,740,1000,1000,1000,1000,1000,1000,1000,1000,1000,1000,1000,1000,1000,1000,0,0,0,0,0,0,0,0,0,0,0,0,0,0,0,1681471615
3952026,3952026,3943939,3967132,3600000,3600000,3600000,3600000,3600000,3600000,3600000,3940277,3952941,3956451,515,730,738,736,733,140,140,140,140,140,140,140,734,740,740,1000,1000,1000,1000,1000,1000,1000,1000,1000,1000,1000,1000,1000,1000,0,0,0,0,0,0,0,0,0,0,0,0,0,0,0,1681471616
3952331,3951873,3943328,3966827,3600000,3600000,3600000,3600000,3600000,3600000,3600000,3940429,3953399,3956756,512,730,738,736,733,140,140,140,140,140,140,140,734,740,740,1000,1000,1000,1000,1000,1000,1000,1000,1000,1000,1000,1000,1000,1000,0,0,0,0,0,0,0,0,0,0,0,0,0,0,0,1681471617
3952178,3951873,3944091,3966979,3600000,3600000,3600000,3600000,3600000,3600000,3600000,3939514,3953399,3956756,511,730,738,736,733,140,140,140,140,140,140,140,734,740,740,1000,1000,1000,1000,1000,1000,1000,1000,1000,1000,1000,1000,1000,1000,0,0,0,0,0,0,0,0,0,0,0,0,0,0,0,1681471618
3951568,3951416,3943176,3966827,3600000,3600000,3600000,3600000,3600000,3600000,3600000,3940582,3952636,3956756,514,730,738,736,733,140,140,140,140,140,140,140,734,740,740,1000,1000,1000,1000,1000,1000,1000,1000,1000,1000,1000,1000,1000,1000,0,0,0,0,0,0,0,0,0,0,0,0,0,0,0,1681471619
3952636,3952789,3943481,3966064,3600000,3600000,3600000,3600000,3600000,3600000,3600000,3939514,3952941,3956756,514,730,738,736,733,140,140,140,140,140,140,140,734,740,740,1000,1000,1000,1000,1000,1000,1000,1000,1000,1000,1000,1000,1000,1000,0,0,0,0,0,0,0,0,0,0,0,0,0,0,0,1681471620
3951416,3951568,3943634,3966522,3600000,3600000,3600000,3600000,3600000,3600000,3600000,3939971,3953094,3956604,513,730,738,736,733,140,140,140,140,140,140,140,734,740,740,1000,1000,1000,1000,1000,1000,1000,1000,1000,1000,1000,1000,1000,1000,0,0,0,0,0,0,0,0,0,0,0,0,0,0,0,1681471621
3951873,3951263,3943634,3966979,3600000,3600000,3600000,3600000,3600000,3600000,3600000,3940582,3953399,3956756,513,730,738,736,733,140,140,140,140,140,140,140,734,740,740,1000,1000,1000,1000,1000,1000,1000,1000,1000,1000,1000,1000,1000,1000,0,0,0,0,0,0,0,0,0,0,0,0,0,0,0,1681471622
3951721,3950958,3943023,3966369,3600000,3600000,3600000,3600000,3600000,3600000,3600000,3939971,3952941,3956298,516,730,738,736,733,140,140,140,140,140,140,140,734,740,740,1000,1000,1000,1000,1000,1000,1000,1000,1000,1000,1000,1000,1000,1000,0,0,0,0,0,0,0,0,0,0,0,0,0,0,0,1681471623
3951568,3950958,3943023,3966369,3600000,3600000,3600000,3600000,3600000,3600000,3600000,3939514,3952636,3956451,515,730,738,736,733,140,140,140,140,140,140,140,734,740,740,1000,1000,1000,1000,1000,1000,1000,1000,1000,1000,1000,1000,1000,1000,0,0,0,0,0,0,0,0,0,0,0,0,0,0,0,1681471624
3951416,3951721,3943481,3966674,3600000,3600000,3600000,3600000,3600000,3600000,3600000,3939056,3952941,3956451,515,730,738,736,733,140,140,140,140,140,140,140,734,740,740,1000,1000,1000,1000,1000,1000,1000,1000,1000,1000,1000,1000,1000,1000,0,0,0,0,0,0,0,0,0,0,0,0,0,0,0,1681471625
3952331,3951568,3943328,3966369,3600000,3600000,3600000,3600000,3600000,3600000,3600000,3939208,3952331,3956146,514,730,738,736,733,140,140,140,140,140,140,140,734,740,740,1000,1000,1000,1000,1000,1000,1000,1000,1000,1000,1000,1000,1000,1000,0,0,0,0,0,0,0,0,0,0,0,0,0,0,0,1681471626
3951263,3951110,3943481,3966979,3600000,3600000,3600000,3600000,3600000,3600000,3600000,3939514,3952941,3956451,515,730,738,736,733,140,140,140,140,140,140,140,734,740,740,1000,1000,1000,1000,1000,1000,1000,1000,1000,1000,1000,1000,1000,1000,0,0,0,0,0,0,0,0,0,0,0,0,0,0,0,1681471627
3951110,3951416,3942871,3965911,3600000,3600000,3600000,3600000,3600000,3600000,3600000,3939514,3951721,3956146,516,730,738,736,733,140,140,140,140,140,140,140,734,740,740,1000,1000,1000,1000,1000,1000,1000,1000,1000,1000,1000,1000,1000,1000,0,0,0,0,0,0,0,0,0,0,0,0,0,0,0,1681471628
3951416,3950653,3943328,3966369,3600000,3600000,3600000,3600000,3600000,3600000,3600000,3939971,3952941,3956451,513,730,738,736,733,140,140,140,140,140,140,140,734,740,740,1000,1000,1000,1000,1000,1000,1000,1000,1000,1000,1000,1000,1000,1000,0,0,0,0,0,0,0,0,0,0,0,0,0,0,0,1681471629
3951568,3951416,3942565,3965606,3600000,3600000,3600000,3600000,3600000,3600000,3600000,3939514,3952484,3955841,516,730,738,736,733,140,140,140,140,140,140,140,734,740,740,1000,1000,1000,1000,1000,1000,1000,1000,1000,1000,1000,1000,1000,1000,0,0,0,0,0,0,0,0,0,0,0,0,0,0,0,1681471630
3951416,3951263,3943023,3965759,3600000,3600000,3600000,3600000,3600000,3600000,3600000,3939056,3952331,3955535,516,729,737,735,732,139,139,139,139,139,139,139,733,739,739,1000,1000,1000,1000,1000,1000,1000,1000,1000,1000,1000,1000,1000,1000,0,0,0,0,0,0,0,0,0,0,0,0,0,0,0,1681471631
3951110,3950958,3943328,3966522,3600000,3600000,3600000,3600000,3600000,3600000,3600000,3939514,3952484,3956451,513,729,737,735,732,139,139,139,139,139,139,139,733,739,739,1000,1000,1000,1000,1000,1000,1000,1000,1000,1000,1000,1000,1000,1000,0,0,0,0,0,0,0,0,0,0,0,0,0,0,0,1681471632
3951568,3950958,3943176,3966674,3600000,3600000,3600000,3600000,3600000,3600000,3600000,3939819,3952636,3956451,511,729,737,735,732,139,139,139,139,139,139,139,733,739,739,1000,1000,1000,1000,1000,1000,1000,1000,1000,1000,1000,1000,1000,1000,0,0,0,0,0,0,0,0,0,0,0,0,0,0,0,1681471633
3951263,3951110,3943176,3966369,3600000,3600000,3600000,3600000,3600000,3600000,3600000,3940124,3952789,3956146,512,729,737,735,732,139,139,139,139,139,139,139,733,739,739,1000,1000,1000,1000,1000,1000,1000,1000,1000,1000,1000,1000,1000,1000,0,0,0,0,0,0,0,0,0,0,0,0,0,0,0,1681471634
3951721,3951416,3942718,3965759,3600000,3600000,3600000,3600000,3600000,3600000,3600000,3939971,3952331,3956146,514,729,737,735,732,139,139,139,139,139,139,139,733,739,739,1000,1000,1000,1000,1000,1000,1000,1000,1000,1000,1000,1000,1000,1000,0,0,0,0,0,0,0,0,0,0,0,0,0,0,0,1681471635
3950805,3950653,3942871,3965759,3600000,3600000,3600000,3600000,3600000,3600000,3600000,3939208,3951263,3955383,517,729,737,735,732,139,139,139,139,139,139,139,733,739,739,1000,1000,1000,1000,1000,1000,1000,1000,1000,1000,1000,1000,1000,1000,0,0,0,0,0,0,0,0,0,0,0,0,0,0,0,1681471636
3950500,3950805,3942260,3966064,3600000,3600000,3600000,3600000,3600000,3600000,3600000,3939208,3952026,3955993,514,729,737,735,732,139,139,139,139,139,139,139,733,739,739,1000,1000,1000,1000,1000,1000,1000,1000,1000,1000,1000,1000,1000,1000,0,0,0,0,0,0,0,0,0,0,0,0,0,0,0,1681471637
3950653,3950653,3943023,3966217,3600000,3600000,3600000,3600000,3600000,3600000,3600000,3938751,3952178,3955993,515,729,737,735,732,139,139,139,139,139,139,139,733,739,739,1000,1000,1000,1000,1000,1000,1000,1000,1000,1000,1000,1000,1000,1000,0,0,0,0,0,0,0,0,0,0,0,0,0,0,0,1681471638
3951110,3950805,3942413,3965454,3600000,3600000,3600000,3600000,3600000,3600000,3600000,3938140,3951873,3955841,513,729,737,735,732,139,139,139,139,139,139,139,733,739,739,1000,1000,1000,1000,1000,1000,1000,1000,1000,1000,1000,1000,1000,1000,0,0,0,0,0,0,0,0,0,0,0,0,0,0,0,1681471639
3951568,3950958,3942565,3965606,3600000,3600000,3600000,3600000,3600000,3600000,3600000,3939208,3951873,3956298,511,729,737,735,732,139,139,139,139,139,139,139,733,739,739,1000,1000,1000,1000,1000,1000,1000,1000,1000,1000,1000,1000,1000,1000,0,0,0,0,0,0,0,0,0,0,0,0,0,0,0,1681471640
3950500,3950347,3942565,3965606,3600000,3600000,3600000,3600000,3600000,3600000,3600000,3939361,3951568,3955383,514,729,737,735,732,139,139,139,139,139,139,139,733,739,739,1000,1000,1000,1000,1000,1000,1000,1000,1000,1000,1000,1000,1000,1000,0,0,0,0,0,0,0,0,0,0,0,0,0,0,0,1681471641
3951416,3950653,3942718,3966217,3600000,3600000,3600000,3600000,3600000,3600000,3600000,3938751,3952484,3956298,513,729,737,735,732,139,139,139,139,139,139,139,733,739,739,1000,1000,1000,1000,1000,1000,1000,1000,1000,1000,1000,1000,1000,1000,0,0,0,0,0,0,0,0,0,0,0,0,0,0,0,1681471642
3950195,3950195,3942260,3965301,3600000,3600000,3600000,3600000,3600000,3600000,3600000,3938446,3950958,3955230,518,729,737,735,732,139,139,139,139,139,139,139,733,739,739,1000,1000,1000,1000,1000,1000,1000,1000,1000,1000,1000,1000,1000,1000,0,0,0,0,0,0,0,0,0,0,0,0,0,0,0,1681471643
3950958,3950653,3942108,3965148,3600000,3600000,3600000,3600000,3600000,3600000,3600000,3939208,3952331,3955688,514,729,737,735,732,139,139,139,139,139,139,139,733,739,739,1000,1000,1000,1000,1000,1000,1000,1000,1000,1000,1000,1000,1000,1000,0,0,0,0,0,0,0,0,0,0,0,0,0,0,0,1681471644
3951263,3950653,3942718,3965301,3600000,3600000,3600000,3600000,3600000,3600000,3600000,3938751,3951416,3955078,513,729,737,735,732,139,139,139,139,139,139,139,733,739,739,1000,1000,1000,1000,1000,1000,1000,1000,1000,1000,1000,1000,1000,1000,0,0,0,0,0,0,0,0,0,0,0,0,0,0,0,1681471645
3951110,3950347,3943023,3965911,3600000,3600000,3600000,3600000,3600000,3600000,3600000,3938446,3951263,3955383,514,729,737,735,732,139,139,139,139,139,139,139,733,739,739,1000,1000,1000,1000,1000,1000,1000,1000,1000,1000,1000,1000,1000,1000,0,0,0,0,0,0,0,0,0,0,0,0,0,0,0,1681471646
3950805,3950042,3942260,3965454,3600000,3600000,3600000,3600000,3600000,3600000,3600000,3938140,3950958,3955078,517,729,737,735,732,139,139,139,139,139,139,139,733,739,739,1000,1000,1000,1000,1000,1000,1000,1000,1000,1000,1000,1000,1000,1000,0,0,0,0,0,0,0,0,0,0,0,0,0,0,0,1681471647
3950805,3950042,3941955,3965148,3600000,3600000,3600000,3600000,3600000,3600000,3600000,3938446,3951721,3955230,517,729,737,735,732,139,139,139,139,139,139,139,733,739,739,1000,1000,1000,1000,1000,1000,1000,1000,1000,1000,1000,1000,1000,1000,0,0,0,0,0,0,0,0,0,0,0,0,0,0,0,1681471648
3950195,3949737,3942108,3965301,3600000,3600000,3600000,3600000,3600000,3600000,3600000,3938903,3951568,3954467,516,729,737,735,732,139,139,139,139,139,139,139,733,739,739,1000,1000,1000,1000,1000,1000,1000,1000,1000,1000,1000,1000,1000,1000,0,0,0,0,0,0,0,0,0,0,0,0,0,0,0,1681471649
3950653,3950347,3941802,3964233,3600000,3600000,3600000,3600000,3600000,3600000,3600000,3939056,3952026,3954772,516,729,737,735,732,139,139,139,139,139,139,139,733,739,739,1000,1000,1000,1000,1000,1000,1000,1000,1000,1000,1000,1000,1000,1000,0,0,0,0,0,0,0,0,0,0,0,0,0,0,0,1681471650
3950805,3950347,3943023,3965454,3600000,3600000,3600000,3600000,3600000,3600000,3600000,3938446,3951263,3954925,514,728,736,734,731,138,138,138,138,138,138,138,732,738,738,1000,1000,1000,1000,1000,1000,1000,1000,1000,1000,1000,1000,1000,1000,0,0,0,0,0,0,0,0,0,0,0,0,0,0,0,1681471651
3950500,3949737,3942108,3964385,3600000,3600000,3600000,3600000,3600000,3600000,3600000,3938903,3951873,3955078,514,728,736,734,731,138,138,138,138,138,138,138,732,738,738,1000,1000,1000,1000,1000,1000,1000,1000,1000,1000,1000,1000,1000,1000,0,0,0,0,0,0,0,0,0,0,0,0,0,0,0,1681471652
3950347,3950195,3941497,3965301,3600000,3600000,3600000,3600000,3600000,3600000,3600000,3938446,3951568,3954620,512,728,736,734,731,138,138,138,138,138,138,138,732,738,738,1000,1000,1000,1000,1000,1000,1000,1000,1000,1000,1000,1000,1000,1000,0,0,0,0,0,0,0,0,0,0,0,0,0,0,0,1681471653
3950347,3950195,3942260,3965148,3600000,3600000,3600000,3600000,3600000,3600000,3600000,3938446,3951568,3955078,511,728,736,734,731,138,138,138,138,138,138,138,732,738,738,1000,1000,1000,1000,1000,1000,1000,1000,1000,1000,1000,1000,1000,1000,0,0,0,0,0,0,0,0,0,0,0,0,0,0,0,1681471654
3950347,3950195,3942108,3964996,3600000,3600000,3600000,3600000,3600000,3600000,3600000,3939056,3951568,3955230,511,728,736,734,731,138,138,138,138,138,138,138,732,738,738,1000,1000,1000,1000,1000,1000,1000,1000,1000,1000,1000,1000,1000,1000,0,0,0,0,0,0,0,0,0,0,0,0,0,0,0,1681471655
3949737,3950347,3941955,3964843,3600000,3600000,3600000,3600000,3600000,3600000,3600000,3938598,3951416,3954620,515,728,736,734,731,138,138,138,138,138,138,138,732,738,738,1000,1000,1000,1000,1000,1000,1000,1000,1000,1000,1000,1000,1000,1000,0,0,0,0,0,0,0,0,0,0,0,0,0,0,0,1681471656
3950347,3949584,3942108,3965148,3600000,3600000,3600000,3600000,3600000,3600000,3600000,3938293,3951263,3955230,513,728,736,734,731,138,138,138,138,138,138,138,732,738,738,1000,1000,1000,1000,1000,1000,1000,1000,1000,1000,1000,1000,1000,1000,0,0,0,0,0,0,0,0,0,0,0,0,0,0,0,1681471657
3949890,3949584,3941650,3965454,3600000,3600000,3600000,3600000,3600000,3600000,3600000,3938903,3951416,3955078,514,728,736,734,731,138,138,138,138,138,138,138,732,738,738,1000,1000,1000,1000,1000,1000,1000,1000,1000,1000,1000,1000,1000,1000,0,0,0,0,0,0,0,0,0,0,0,0,0,0,0,1681471658
3950653,3949890,3941802,3964538,3600000,3600000,3600000,3600000,3600000,3600000,3600000,3938903,3950958,3954467,513,728,736,734,731,138,138,138,138,138,138,138,732,738,738,1000,1000,1000,1000,1000,1000,1000,1000,1000,1000,1000,1000,1000,1000,0,0,0,0,0,0,0,0,0,0,0,0,0,0,0,1681471659
3950500,3950042,3941802,3964691,3600000,3600000,3600000,3600000,3600000,3600000,3600000,3938751,3950805,3954620,513,728,736,734,731,138,138,138,138,138,138,138,732,738,738,1000,1000,1000,1000,1000,1000,1000,1000,1000,1000,1000,1000,1000,1000,0,0,0,0,0,0,0,0,0,0,0,0,0,0,0,1681471660
3950347,3950042,3942108,3964691,3600000,3600000,3600000,3600000,3600000,3600000,3600000,3938598,3951416,3954620,510,728,736,734,731,138,138,138,138,138,138,138,732,738,738,1000,1000,1000,1000,1000,1000,1000,1000,1000,1000,1000,1000,1000,1000,0,0,0,0,0,0,0,0,0,0,0,0,0,0,0,1681471661
3949584,3950042,3941955,3964385,3600000,3600000,3600000,3600000,3600000,3600000,3600000,3938293,3950653,3954925,512,728,736,734,731,138,138,138,138,138,138,138,732,738,738,1000,1000,1000,1000,1000,1000,1000,1000,1000,1000,1000,1000,1000,1000,0,0,0,0,0,0,0,0,0,0,0,0,0,0,0,1681471662
3950347,3949737,3941802,3964996,3600000,3600000,3600000,3600000,3600000,3600000,3600000,3937683,3951110,3954925,513,728,736,734,731,138,138,138,138,138,138,138,732,738,738,1000,1000,1000,1000,1000,1000,1000,1000,1000,1000,1000,1000,1000,1000,0,0,0,0,0,0,0,0,0,0,0,0,0,0,0,1681471663
3949584,3949584,3941192,3964538,3600000,3600000,3600000,3600000,3600000,3600000,3600000,3937072,3950805,3954772,517,728,736,734,731,138,138,138,138,138,138,138,732,738,738,1000,1000,1000,1000,1000,1000,1000,1000,1000,1000,1000,1000,1000,1000,0,0,0,0,0,0,0,0,0,0,0,0,0,0,0,1681471664
3950347,3950042,3942413,3964996,3600000,3600000,3600000,3600000,3600000,3600000,3600000,3938446,3950653,3954315,510,728,736,734,731,138,138,138,138,138,138,138,732,738,738,1000,1000,1000,1000,1000,1000,1000,1000,1000,1000,1000,1000,1000,1000,0,0,0,0,0,0,0,0,0,0,0,0,0,0,0,1681471665
3950195,3949584,3942108,3964996,3600000,3600000,3600000,3600000,3600000,3600000,3600000,3938598,3951110,3954772,512,728,736,734,731,138,138,138,138,138,138,138,732,738,738,1000,1000,1000,1000,1000,1000,1000,1000,1000,1000,1000,1000,1000,1000,0,0,0,0,0,0,0,0,0,0,0,0,0,0,0,1681471666
3950195,3949432,3941345,3964538,3600000,3600000,3600000,3600000,3600000,3600000,3600000,3937988,3951721,3954772,514,728,736,734,731,138,138,138,138,138,138,138,732,738,738,1000,1000,1000,1000,1000,1000,1000,1000,1000,1000,1000,1000,1000,1000,0,0,0,0,0,0,0,0,0,0,0,0,0,0,0,1681471667
3949890,3949279,3941497,3964080,3600000,3600000,3600000,3600000,3600000,3600000,3600000,3937530,3951110,3954467,512,728,736,734,731,138,138,138,138,138,138,138,732,738,738,1000,1000,1000,1000,1000,1000,1000,1000,1000,1000,1000,1000,1000,1000,0,0,0,0,0,0,0,0,0,0,0,0,0,0,0,1681471668
3949890,3949584,3942260,3965301,3600000,3600000,3600000,3600000,3600000,3600000,3600000,3938293,3951568,3954925,512,728,736,734,731,138,138,138,138,138,138,138,732,738,738,1000,1000,1000,1000,1000,1000,1000,1000,1000,1000,1000,1000,1000,1000,0,0,0,0,0,0,0,0,0,0,0,0,0,0,0,1681471669
3950195,3949890,3940734,3964080,3600000,3600000,3600000,3600000,3600000,3600000,3600000,3938293,3950653,3955078,513,728,736,734,731,138,138,138,138,138,138,138,732,738,738,1000,1000,1000,1000,1000,1000,1000,1000,1000,1000,1000,1000,1000,1000,0,0,0,0,0,0,0,0,0,0,0,0,0,0,0,1681471670
3949279,3948822,3941650,3964538,3600000,3600000,3600000,3600000,3600000,3600000,3600000,3938140,3950500,3954467,512,727,735,733,730,137,137,137,137,137,137,137,731,737,737,1000,1000,1000,1000,1000,1000,1000,1000,1000,1000,1000,1000,1000,1000,0,0,0,0,0,0,0,0,0,0,0,0,0,0,0,1681471671
3950195,3949584,3941650,3964385,3600000,3600000,3600000,3600000,3600000,3600000,3600000,3938446,3950958,3954620,511,727,735,733,730,137,137,137,137,137,137,137,731,737,737,1000,1000,1000,1000,1000,1000,1000,1000,1000,1000,1000,1000,1000,1000,0,0,0,0,0,0,0,0,0,0,0,0,0,0,0,1681471672
3949737,3949584,3941345,3964538,3600000,3600000,3600000,3600000,3600000,3600000,3600000,3937530,3950958,3954315,513,727,735,733,730,137,137,137,137,137,137,137,731,737,737,1000,1000,1000,1000,1000,1000,1000,1000,1000,1000,1000,1000,1000,1000,0,0,0,0,0,0,0,0,0,0,0,0,0,0,0,1681471673
3949584,3949432,3941345,3964385,3600000,3600000,3600000,3600000,3600000,3600000,3600000,3937988,3950347,3953857,514,727,735,733,730,137,137,137,137,137,137,137,731,737,737,1000,1000,1000,1000,1000,1000,1000,1000,1000,1000,1000,1000,1000,1000,0,0,0,0,0,0,0,0,0,0,0,0,0,0,0,1681471674
3949279,3949279,3941192,3963928,3600000,3600000,3600000,3600000,3600000,3600000,3600000,3937530,3950042,3954620,514,727,735,733,730,137,137,137,137,137,137,137,731,737,737,1000,1000,1000,1000,1000,1000,1000,1000,1000,1000,1000,1000,1000,1000,0,0,0,0,0,0,0,0,0,0,0,0,0,0,0,1681471675
3949432,3949279,3940887,3963775,3600000,3600000,3600000,3600000,3600000,3600000,3600000,3937683,3949584,3954162,514,727,735,733,730,137,137,137,137,137,137,137,731,737,737,1000,1000,1000,1000,1000,1000,1000,1000,1000,1000,1000,1000,1000,1000,0,0,0,0,0,0,0,0,0,0,0,0,0,0,0,1681471676
3949890,3949432,3941192,3963928,3600000,3600000,3600000,3600000,3600000,3600000,3600000,3937683,3949890,3953857,515,727,735,733,730,137,137,137,137,137,137,137,731,737,737,1000,1000,1000,1000,1000,1000,1000,1000,1000,1000,1000,1000,1000,1000,0,0,0,0,0,0,0,0,0,0,0,0,0,0,0,1681471677
3948974,3949279,3941192,3964080,3600000,3600000,3600000,3600000,3600000,3600000,3600000,3937377,3950042,3954010,514,727,735,733,730,137,137,137,137,137,137,137,731,737,737,1000,1000,1000,1000,1000,1000,1000,1000,1000,1000,1000,1000,1000,1000,0,0,0,0,0,0,0,0,0,0,0,0,0,0,0,1681471678
3949584,3949127,3941040,3963928,3600000,3600000,3600000,3600000,3600000,3600000,3600000,3937988,3950500,3953552,513,727,735,733,730,137,137,137,137,137,137,137,731,737,737,1000,1000,1000,1000,1000,1000,1000,1000,1000,1000,1000,1000,1000,1000,0,0,0,0,0,0,0,0,0,0,0,0,0,0,0,1681471679
3948516,3948974,3940582,3963623,3600000,3600000,3600000,3600000,3600000,3600000,3600000,3936614,3949737,3953399,517,727,735,733,730,137,137,137,137,137,137,137,731,737,737,1000,1000,1000,1000,1000,1000,1000,1000,1000,1000,1000,1000,1000,1000,0,0,0,0,0,0,0,0,0,0,0,0,0,0,0,1681471680
3949279,3949279,3940887,3963317,3600000,3600000,3600000,3600000,3600000,3600000,3600000,3937072,3950042,3954162,513,727,735,733,730,137,137,137,137,137,137,137,731,737,737,1000,1000,1000,1000,1000,1000,1000,1000,1000,1000,1000,1000,1000,1000,0,0,0,0,0,0,0,0,0,0,0,0,0,0,0,1681471681
3949432,3949279,3941040,3963317,3600000,3600000,3600000,3600000,3600000,3600000,3600000,3936767,3950042,3953857,513,727,735,733,730,137,137,137,137,137,137,137,731,737,737,1000,1000,1000,1000,1000,1000,1000,1000,1000,1000,1000,1000,1000,1000,0,0,0,0,0,0,0,0,0,0,0,0,0,0,0,1681471682
3948669,3948974,3941192,3963928,3600000,3600000,3600000,3600000,3600000,3600000,3600000,3937225,3950195,3954315,513,727,735,733,730,137,137,137,137,137,137,137,731,737,737,1000,1000,1000,1000,1000,1000,1000,1000,1000,1000,1000,1000,1000,1000,0,0,0,0,0,0,0,0,0,0,0,0,0,0,0,1681471683
3948974,3949127,3941040,3964080,3600000,3600000,3600000,3600000,3600000,3600000,3600000,3937683,3950653,3954162,512,727,735,733,730,137,137,137,137,137,137,137,731,737,737,1000,1000,1000,1000,1000,1000,1000,1000,1000,1000,1000,1000,1000,1000,0,0,0,0,0,0,0,0,0,0,0,0,0,0,0,1681471684
3949127,3949432,3940429,3963165,3600000,3600000,3600000,3600000,3600000,3600000,3600000,3937683,3950500,3953857,512,727,735,733,730,137,137,137,137,137,137,137,731,737,737,1000,1000,1000,1000,1000,1000,1000,1000,1000,1000,1000,1000,1000,1000,0,0,0,0,0,0,0,0,0,0,0,0,0,0,0,1681471685
3948822,3948974,3940124,3963317,3600000,3600000,3600000,3600000,3600000,3600000,3600000,3937072,3949890,3953704,514,727,735,733,730,137,137,137,137,137,137,137,731,737,737,1000,1000,1000,1000,1000,1000,1000,1000,1000,1000,1000,1000,1000,1000,0,0,0,0,0,0,0,0,0,0,0,0,0,0,0,1681471686
3948059,3948211,3940277,3963317,3600000,3600000,3600000,3600000,3600000,3600000,3600000,3936614,3949279,3952941,516,727,735,733,730,137,137,137,137,137,137,137,731,737,737,1000,1000,1000,1000,1000,1000,1000,1000,1000,1000,1000,1000,1000,1000,0,0,0,0,0,0,0,0,0,0,0,0,0,0,0,1681471687
3948974,3949279,3941040,3963775,3600000,3600000,3600000,3600000,3600000,3600000,3600000,3936920,3950042,3953704,512,727,735,733,730,137,137,137,137,137,137,137,731,737,737,1000,1000,1000,1000,1000,1000,1000,1000,1000,1000,1000,1000,1000,1000,0,0,0,0,0,0,0,0,0,0,0,0,0,0,0,1681471688
3948822,3948822,3941040,3963775,3600000,3600000,3600000,3600000,3600000,3600000,3600000,3937072,3949432,3953247,513,727,735,733,730,137,137,137,137,137,137,137,731,737,737,1000,1000,1000,1000,1000,1000,1000,1000,1000,1000,1000,1000,1000,1000,0,0,0,0,0,0,0,0,0,0,0,0,0,0,0,1681471689
3948211,3948822,3940582,3963012,3600000,3600000,3600000,3600000,3600000,3600000,3600000,3936920,3948669,3952941,516,727,735,733,730,137,137,137,137,137,137,137,731,737,737,1000,1000,1000,1000,1000,1000,1000,1000,1000,1000,1000,1000,1000,1000,0,0,0,0,0,0,0,0,0,0,0,0,0,0,0,1681471690
3947753,3947906,3940124,3962860,3600000,3600000,3600000,3600000,3600000,3600000,3600000,3936462,3948822,3952636,518,726,734,732,729,136,136,136,136,136,136,136,730,736,736,1000,1000,1000,1000,1000,1000,1000,1000,1000,1000,1000,1000,1000,1000,0,0,0,0,0,0,0,0,0,0,0,0,0,0,0,1681471691
3948822,3948516,3940277,3963165,3600000,3600000,3600000,3600000,3600000,3600000,3600000,3937072,3949432,3954010,514,726,734,732,729,136,136,136,136,136,136,136,730,736,736,1000,1000,1000,1000,1000,1000,1000,1000,1000,1000,1000,1000,1000,1000,0,0,0,0,0,0,0,0,0,0,0,0,0,0,0,1681471692
3948822,3948364,3939971,3963470,3600000,3600000,3600000,3600000,3600000,3600000,3600000,3937225,3948974,3952789,514,726,734,732,729,136,136,136,136,136,136,136,730,736,736,1000,1000,1000,1000,1000,1000,1000,1000,1000,1000,1000,1000,1000,1000,0,0,0,0,0,0,0,0,0,0,0,0,0,0,0,1681471693
3948364,3948059,3940277,3963165,3600000,3600000,3600000,3600000,3600000,3600000,3600000,3937072,3949432,3953704,514,726,734,732,729,136,136,136,136,136,136,136,730,736,736,1000,1000,1000,1000,1000,1000,1000,1000,1000,1000,1000,1000,1000,1000,0,0,0,0,0,0,0,0,0,0,0,0,0,0,0,1681471694
3948669,3948364,3940734,3963317,3600000,3600000,3600000,3600000,3600000,3600000,3600000,3937072,3949127,3953247,514,726,734,732,729,136,136,136,136,136,136,136,730,736,736,1000,1000,1000,1000,1000,1000,1000,1000,1000,1000,1000,1000,1000,1000,0,0,0,0,0,0,0,0,0,0,0,0,0,0,0,1681471695
3947906,3948822,3940429,3963317,3600000,3600000,3600000,3600000,3600000,3600000,3600000,3936462,3949127,3953399,513,726,734,732,729,136,136,136,136,136,136,136,730,736,736,1000,1000,1000,1000,1000,1000,1000,1000,1000,1000,1000,1000,1000,1000,0,0,0,0,0,0,0,0,0,0,0,0,0,0,0,1681471696
3947601,3947296,3940124,3962554,3600000,3600000,3600000,3600000,3600000,3600000,3600000,3936309,3948669,3952178,517,726,734,732,729,136,136,136,136,136,136,136,730,736,736,1000,1000,1000,1000,1000,1000,1000,1000,1000,1000,1000,1000,1000,1000,0,0,0,0,0,0,0,0,0,0,0,0,0,0,0,1681471697
3948211,3948822,3940124,3963165,3600000,3600000,3600000,3600000,3600000,3600000,3600000,3936920,3949737,3952941,513,726,734,732,729,136,136,136,136,136,136,136,730,736,736,1000,1000,1000,1000,1000,1000,1000,1000,1000,1000,1000,1000,1000,1000,0,0,0,0,0,0,0,0,0,0,0,0,0,0,0,1681471698
3948516,3948516,3939819,3962402,3600000,3600000,3600000,3600000,3600000,3600000,3600000,3936920,3949279,3953094,510,726,734,732,729,136,136,136,136,136,136,136,730,736,736,1000,1000,1000,1000,1000,1000,1000,1000,1000,1000,1000,1000,1000,1000,0,0,0,0,0,0,0,0,0,0,0,0,0,0,0,1681471699
3948364,3948211,3940277,3962860,3600000,3600000,3600000,3600000,3600000,3600000,3600000,3936920,3949279,3952789,511,726,734,732,729,136,136,136,136,136,136,136,730,736,736,1000,1000,1000,1000,1000,1000,1000,1000,1000,1000,1000,1000,1000,1000,0,0,0,0,0,0,0,0,0,0,0,0,0,0,0,1681471700
3948822,3948059,3940582,3963623,3600000,3600000,3600000,3600000,3600000,3600000,3600000,3936462,3949432,3953247,511,726,734,732,729,136,136,136,136,136,136,136,730,736,736,1000,1000,1000,1000,1000,1000,1000,1000,1000,1000,1000,1000,1000,1000,0,0,0,0,0,0,0,0,0,0,0,0,0,0,0,1681471701
3948059,3948059,3939819,3963165,3600000,3600000,3600000,3600000,3600000,3600000,3600000,3936462,3949279,3952484,512,726,734,732,729,136,136,136,136,136,136,136,730,736,736,1000,1000,1000,1000,1000,1000,1000,1000,1000,1000,1000,1000,1000,1000,0,0,0,0,0,0,0,0,0,0,0,0,0,0,0,1681471702
3948364,3948211,3939514,3962554,3600000,3600000,3600000,3600000,3600000,3600000,3600000,3936767,3949584,3953094,513,726,734,732,729,136,136,136,136,136,136,136,730,736,736,1000,1000,1000,1000,1000,1000,1000,1000,1000,1000,1000,1000,1000,1000,0,0,0,0,0,0,0,0,0,0,0,0,0,0,0,1681471703
3948516,3948059,3939819,3962554,3600000,3600000,3600000,3600000,3600000,3600000,3600000,3935852,3949432,3953399,513,726,734,732,729,136,136,136,136,136,136,136,730,736,736,1000,1000,1000,1000,1000,1000,1000,1000,1000,1000,1000,1000,1000,1000,0,0,0,0,0,0,0,0,0,0,0,0,0,0,0,1681471704
3947753,3948059,3939819,3962707,3600000,3600000,3600000,3600000,3600000,3600000,3600000,3936462,3949432,3953247,511,726,734,732,729,136,136,136,136,136,136,136,730,736,736,1000,1000,1000,1000,1000,1000,1000,1000,1000,1000,1000,1000,1000,1000,0,0,0,0,0,0,0,0,0,0,0,0,0,0,0,1681471705
3947753,3947906,3939819,3962402,3600000,3600000,3600000,3600000,3600000,3600000,3600000,3936309,3949127,3952941,512,726,734,732,729,136,136,136,136,136,136,136,730,736,736,1000,1000,1000,1000,1000,1000,1000,1000,1000,1000,1000,1000,1000,1000,0,0,0,0,0,0,0,0,0,0,0,0,0,0,0,1681471706
3947448,3947753,3939971,3962554,3600000,3600000,3600000,3600000,3600000,3600000,3600000,3936157,3949127,3952636,515,726,734,732,729,136,136,136,136,136,136,136,730,736,736,1000,1000,1000,1000,1000,1000,1000,1000,1000,1000,1000,1000,1000,1000,0,0,0,0,0,0,0,0,0,0,0,0,0,0,0,1681471707
3947753,3947296,3939514,3961944,3600000,3600000,3600000,3600000,3600000,3600000,3600000,3936309,3948669,3952789,515,726,734,732,729,136,136,136,136,136,136,136,730,736,736,1000,1000,1000,1000,1000,1000,1000,1000,1000,1000,1000,1000,1000,1000,0,0,0,0,0,0,0,0,0,0,0,0,0,0,0,1681471708
3948364,3948211,3939971,3963012,3600000,3600000,3600000,3600000,3600000,3600000,3600000,3935699,3948211,3952789,514,726,734,732,729,136,136,136,136,136,136,136,730,736,736,1000,1000,1000,1000,1000,1000,1000,1000,1000,1000,1000,1000,1000,1000,0,0,0,0,0,0,0,0,0,0,0,0,0,0,0,1681471709
3947143,3947601,3938598,3961944,3600000,3600000,3600000,3600000,3600000,3600000,3600000,3935699,3948516,3952178,516,726,734,732,729,136,136,136,136,136,136,136,730,736,736,1000,1000,1000,1000,1000,1000,1000,1000,1000,1000,1000,1000,1000,1000,0,0,0,0,0,0,0,0,0,0,0,0,0,0,0,1681471710
3947143,3946990,3938446,3962097,3600000,3600000,3600000,3600000,3600000,3600000,3600000,3935699,3949127,3952484,516,725,733,731,728,135,135,135,135,135,135,135,729,735,735,1000,1000,1000,1000,1000,1000,1000,1000,1000,1000,1000,1000,1000,1000,0,0,0,0,0,0,0,0,0,0,0,0,0,0,0,1681471711
3947753,3947448,3939208,3962402,3600000,3600000,3600000,3600000,3600000,3600000,3600000,3935546,3949127,3952178,515,725,733,731,728,135,135,135,135,135,135,135,729,735,735,1000,1000,1000,1000,1000,1000,1000,1000,1000,1000,1000,1000,1000,1000,0,0,0,0,0,0,0,0,0,0,0,0,0,0,0,1681471712
3947601,3947753,3939666,3962249,3600000,3600000,3600000,3600000,3600000,3600000,3600000,3935546,3948669,3952636,513,725,733,731,728,135,135,135,135,135,135,135,729,735,735,1000,1000,1000,1000,1000,1000,1000,1000,1000,1000,1000,1000,1000,1000,0,0,0,0,0,0,0,0,0,0,0,0,0,0,0,1681471713
3947296,3947448,3939361,3962097,3600000,3600000,3600000,3600000,3600000,3600000,3600000,3935241,3948059,3951873,515,725,733,731,728,135,135,135,135,135,135,135,729,735,735,1000,1000,1000,1000,1000,1000,1000,1000,1000,1000,1000,1000,1000,1000,0,0,0,0,0,0,0,0,0,0,0,0,0,0,0,1681471714
3947601,3947906,3939361,3962249,3600000,3600000,3600000,3600000,3600000,3600000,3600000,3935546,3948822,3952789,513,725,733,731,728,135,135,135,135,135,135,135,729,735,735,1000,1000,1000,1000,1000,1000,1000,1000,1000,1000,1000,1000,1000,1000,0,0,0,0,0,0,0,0,0,0,0,0,0,0,0,1681471715
3946838,3947296,3940429,3962554,3600000,3600000,3600000,3600000,3600000,3600000,3600000,3935546,3948211,3951873,514,725,733,731,728,135,135,135,135,135,135,135,729,735,735,1000,1000,1000,1000,1000,1000,1000,1000,1000,1000,1000,1000,1000,1000,0,0,0,0,0,0,0,0,0,0,0,0,0,0,0,1681471716
3947448,3947906,3939361,3961944,3600000,3600000,3600000,3600000,3600000,3600000,3600000,3934478,3948211,3951873,514,725,733,731,728,135,135,135,135,135,135,135,729,735,735,1000,1000,1000,1000,1000,1000,1000,1000,1000,1000,1000,1000,1000,1000,0,0,0,0,0,0,0,0,0,0,0,0,0,0,0,1681471717
3947753,3947906,3939208,3961944,3600000,3600000,3600000,3600000,3600000,3600000,3600000,3936157,3948822,3952331,511,725,733,731,728,135,135,135,135,135,135,135,729,735,735,1000,1000,1000,1000,1000,1000,1000,1000,1000,1000,1000,1000,1000,1000,0,0,0,0,0,0,0,0,0,0,0,0,0,0,0,1681471718
3947296,3946990,3939514,3961944,3600000,3600000,3600000,3600000,3600000,3600000,3600000,3935699,3948364,3951416,511,725,733,731,728,135,135,135,135,135,135,135,729,735,735,1000,1000,1000,1000,1000,1000,1000,1000,1000,1000,1000,1000,1000,1000,0,0,0,0,0,0,0,0,0,0,0,0,0,0,0,1681471719
3947143,3947296,3939666,3961944,3600000,3600000,3600000,3600000,3600000,3600000,3600000,3935394,3948059,3951568,514,725,733,731,728,135,135,135,135,135,135,135,729,735,735,1000,1000,1000,1000,1000,1000,1000,1000,1000,1000,1000,1000,1000,1000,0,0,0,0,0,0,0,0,0,0,0,0,0,0,0,1681471720
3947448,3948059,3938903,3961486,3600000,3600000,3600000,3600000,3600000,3600000,3600000,3936157,3948211,3952026,511,725,733,731,728,135,135,135,135,135,135,135,729,735,735,1000,1000,1000,1000,1000,1000,1000,1000,1000,1000,1000,1000,1000,1000,0,0,0,0,0,0,0,0,0,0,0,0,0,0,0,1681471721
3947143,3947448,3939208,3962249,3600000,3600000,3600000,3600000,3600000,3600000,3600000,3936004,3948059,3952178,510,725,733,731,728,135,135,135,135,135,135,135,729,735,735,1000,1000,1000,1000,1000,1000,1000,1000,1000,1000,1000,1000,1000,1000,0,0,0,0,0,0,0,0,0,0,0,0,0,0,0,1681471723
3946838,3947296,3938751,3961944,3600000,3600000,3600000,3600000,3600000,3600000,3600000,3934783,3948516,3952178,516,725,733,731,728,135,135,135,135,135,135,135,729,735,735,1000,1000,1000,1000,1000,1000,1000,1000,1000,1000,1000,1000,1000,1000,0,0,0,0,0,0,0,0,0,0,0,0,0,0,0,1681471723
3946533,3947143,3939361,3961944,3600000,3600000,3600000,3600000,3600000,3600000,3600000,3934783,3948211,3952026,514,725,733,731,728,135,135,135,135,135,135,135,729,735,735,1000,1000,1000,1000,1000,1000,1000,1000,1000,1000,1000,1000,1000,1000,0,0,0,0,0,0,0,0,0,0,0,0,0,0,0,1681471724
3947296,3947143,3939056,3961639,3600000,3600000,3600000,3600000,3600000,3600000,3600000,3935699,3947601,3952026,513,725,733,731,728,135,135,135,135,135,135,135,729,735,735,1000,1000,1000,1000,1000,1000,1000,1000,1000,1000,1000,1000,1000,1000,0,0,0,0,0,0,0,0,0,0,0,0,0,0,0,1681471725
3946685,3946685,3939208,3962097,3600000,3600000,3600000,3600000,3600000,3600000,3600000,3935546,3948669,3952026,513,725,733,731,728,135,135,135,135,135,135,135,729,735,735,1000,1000,1000,1000,1000,1000,1000,1000,1000,1000,1000,1000,1000,1000,0,0,0,0,0,0,0,0,0,0,0,0,0,0,0,1681471726
3947143,3947296,3939208,3961639,3600000,3600000,3600000,3600000,3600000,3600000,3600000,3935241,3948059,3951721,511,725,733,731,728,135,135,135,135,135,135,135,729,735,735,1000,1000,1000,1000,1000,1000,1000,1000,1000,1000,1000,1000,1000,1000,0,0,0,0,0,0,0,0,0,0,0,0,0,0,0,1681471727
3947601,3947906,3939361,3961944,3600000,3600000,3600000,3600000,3600000,3600000,3600000,3935394,3948822,3952026,511,725,733,731,728,135,135,135,135,135,135,135,729,735,735,1000,1000,1000,1000,1000,1000,1000,1000,1000,1000,1000,1000,1000,1000,0,0,0,0,0,0,0,0,0,0,0,0,0,0,0,1681471728
3947753,3947601,3938751,3962097,3600000,3600000,3600000,3600000,3600000,3600000,3600000,3934936,3948669,3951721,509,725,733,731,728,135,135,135,135,135,135,135,729,735,735,1000,1000,1000,1000,1000,1000,1000,1000,1000,1000,1000,1000,1000,1000,0,0,0,0,0,0,0,0,0,0,0,0,0,0,0,1681471729
3947143,3947296,3939208,3961486,3600000,3600000,3600000,3600000,3600000,3600000,3600000,3935546,3948211,3952178,511,725,733,731,728,135,135,135,135,135,135,135,729,735,735,1000,1000,1000,1000,1000,1000,1000,1000,1000,1000,1000,1000,1000,1000,0,0,0,0,0,0,0,0,0,0,0,0,0,0,0,1681471730
3947143,3947448,3938903,3961181,3600000,3600000,3600000,3600000,3600000,3600000,3600000,3934173,3947906,3952178,513,724,732,730,727,134,134,134,134,134,134,134,728,734,734,1000,1000,1000,1000,1000,1000,1000,1000,1000,1000,1000,1000,1000,1000,0,0,0,0,0,0,0,0,0,0,0,0,0,0,0,1681471731
3946533,3946990,3938598,3961791,3600000,3600000,3600000,3600000,3600000,3600000,3600000,3934936,3947601,3952026,511,724,732,730,727,134,134,134,134,134,134,134,728,734,734,1000,1000,1000,1000,1000,1000,1000,1000,1000,1000,1000,1000,1000,1000,0,0,0,0,0,0,0,0,0,0,0,0,0,0,0,1681471732
3947296,3947448,3939514,3961639,3600000,3600000,3600000,3600000,3600000,3600000,3600000,3935394,3948211,3952026,511,724,732,730,727,134,134,134,134,134,134,134,728,734,734,1000,1000,1000,1000,1000,1000,1000,1000,1000,1000,1000,1000,1000,1000,0,0,0,0,0,0,0,0,0,0,0,0,0,0,0,1681471733
3946685,3946990,3939208,3961029,3600000,3600000,3600000,3600000,3600000,3600000,3600000,3935394,3948364,3951721,511,724,732,730,727,134,134,134,134,134,134,134,728,734,734,1000,1000,1000,1000,1000,1000,1000,1000,1000,1000,1000,1000,1000,1000,0,0,0,0,0,0,0,0,0,0,0,0,0,0,0,1681471735
3946685,3946380,3938293,3961486,3600000,3600000,3600000,3600000,3600000,3600000,3600000,3934783,3947906,3951416,511,724,732,730,727,134,134,134,134,134,134,134,728,734,734,1000,1000,1000,1000,1000,1000,1000,1000,1000,1000,1000,1000,1000,1000,0,0,0,0,0,0,0,0,0,0,0,0,0,0,0,1681471736
3946990,3947601,3938598,3961639,3600000,3600000,3600000,3600000,3600000,3600000,3600000,3934936,3948211,3952331,509,724,732,730,727,134,134,134,134,134,134,134,728,734,734,1000,1000,1000,1000,1000,1000,1000,1000,1000,1000,1000,1000,1000,1000,0,0,0,0,0,0,0,0,0,0,0,0,0,0,0,1681471737
3946380,3946228,3939208,3961334,3600000,3600000,3600000,3600000,3600000,3600000,3600000,3934783,3947906,3950958,514,724,732,730,727,134,134,134,134,134,134,134,728,734,734,1000,1000,1000,1000,1000,1000,1000,1000,1000,1000,1000,1000,1000,1000,0,0,0,0,0,0,0,0,0,0,0,0,0,0,0,1681471737
3946228,3946533,3937835,3960418,3600000,3600000,3600000,3600000,3600000,3600000,3600000,3934326,3947753,3951263,516,724,732,730,727,134,134,134,134,134,134,134,728,734,734,1000,1000,1000,1000,1000,1000,1000,1000,1000,1000,1000,1000,1000,1000,0,0,0,0,0,0,0,0,0,0,0,0,0,0,0,1681471738
3946685,3946380,3938598,3961029,3600000,3600000,3600000,3600000,3600000,3600000,3600000,3933868,3947753,3951416,515,724,732,730,727,134,134,134,134,134,134,134,728,734,734,1000,1000,1000,1000,1000,1000,1000,1000,1000,1000,1000,1000,1000,1000,0,0,0,0,0,0,0,0,0,0,0,0,0,0,0,1681471739
3946380,3946685,3938293,3960266,3600000,3600000,3600000,3600000,3600000,3600000,3600000,3934783,3948059,3951568,514,724,732,730,727,134,134,134,134,134,134,134,728,734,734,1000,1000,1000,1000,1000,1000,1000,1000,1000,1000,1000,1000,1000,1000,0,0,0,0,0,0,0,0,0,0,0,0,0,0,0,1681471740
3946685,3946685,3938446,3961334,3600000,3600000,3600000,3600000,3600000,3600000,3600000,3934478,3947753,3951568,512,724,732,730,727,134,134,134,134,134,134,134,728,734,734,1000,1000,1000,1000,1000,1000,1000,1000,1000,1000,1000,1000,1000,1000,0,0,0,0,0,0,0,0,0,0,0,0,0,0,0,1681471741
3945770,3946380,3938751,3961181,3600000,3600000,3600000,3600000,3600000,3600000,3600000,3934936,3947906,3951110,513,724,732,730,727,134,134,134,134,134,134,134,728,734,734,1000,1000,1000,1000,1000,1000,1000,1000,1000,1000,1000,1000,1000,1000,0,0,0,0,0,0,0,0,0,0,0,0,0,0,0,1681471742
3946533,3946990,3938140,3960876,3600000,3600000,3600000,3600000,3600000,3600000,3600000,3934173,3947753,3951721,513,724,732,730,727,134,134,134,134,134,134,134,728,734,734,1000,1000,1000,1000,1000,1000,1000,1000,1000,1000,1000,1000,1000,1000,0,0,0,0,0,0,0,0,0,0,0,0,0,0,0,1681471743
3946380,3946990,3937683,3960571,3600000,3600000,3600000,3600000,3600000,3600000,3600000,3934173,3946990,3951110,515,724,732,730,727,134,134,134,134,134,134,134,728,734,734,1000,1000,1000,1000,1000,1000,1000,1000,1000,1000,1000,1000,1000,1000,0,0,0,0,0,0,0,0,0,0,0,0,0,0,0,1681471744
3946838,3946838,3938293,3960418,3600000,3600000,3600000,3600000,3600000,3600000,3600000,3934631,3947143,3950958,512,724,732,730,727,134,134,134,134,134,134,134,728,734,734,1000,1000,1000,1000,1000,1000,1000,1000,1000,1000,1000,1000,1000,1000,0,0,0,0,0,0,0,0,0,0,0,0,0,0,0,1681471745
3946228,3946685,3937835,3960571,3600000,3600000,3600000,3600000,3600000,3600000,3600000,3934783,3947296,3950805,513,724,732,730,727,134,134,134,134,134,134,134,728,734,734,1000,1000,1000,1000,1000,1000,1000,1000,1000,1000,1000,1000,1000,1000,0,0,0,0,0,0,0,0,0,0,0,0,0,0,0,1681471747
3946228,3946685,3939056,3961029,3600000,3600000,3600000,3600000,3600000,3600000,3600000,3933563,3946685,3950805,511,724,732,730,727,134,134,134,134,134,134,134,728,734,734,1000,1000,1000,1000,1000,1000,1000,1000,1000,1000,1000,1000,1000,1000,0,0,0,0,0,0,0,0,0,0,0,0,0,0,0,1681471748
3945617,3946533,3937683,3960723,3600000,3600000,3600000,3600000,3600000,3600000,3600000,3933715,3946990,3950958,515,724,732,730,727,134,134,134,134,134,134,134,728,734,734,1000,1000,1000,1000,1000,1000,1000,1000,1000,1000,1000,1000,1000,1000,0,0,0,0,0,0,0,0,0,0,0,0,0,0,0,1681471749
3946533,3946990,3938293,3961029,3600000,3600000,3600000,3600000,3600000,3600000,3600000,3934631,3947296,3950805,509,724,732,730,727,134,134,134,134,134,134,134,728,734,734,1000,1000,1000,1000,1000,1000,1000,1000,1000,1000,1000,1000,1000,1000,0,0,0,0,0,0,0,0,0,0,0,0,0,0,0,1681471750
3946228,3946685,3937835,3961029,3600000,3600000,3600000,3600000,3600000,3600000,3600000,3934783,3946990,3951263,515,724,732,730,727,134,134,134,134,134,134,134,728,734,734,1000,1000,1000,1000,1000,1000,1000,1000,1000,1000,1000,1000,1000,1000,0,0,0,0,0,0,0,0,0,0,0,0,0,0,0,1681471751
3946075,3946075,3937530,3960113,3600000,3600000,3600000,3600000,3600000,3600000,3600000,3934020,3947143,3950958,512,723,731,729,726,133,133,133,133,133,133,133,727,733,733,1000,1000,1000,1000,1000,1000,1000,1000,1000,1000,1000,1000,1000,1000,0,0,0,0,0,0,0,0,0,0,0,0,0,0,0,1681471752
3945922,3945922,3937530,3960418,3600000,3600000,3600000,3600000,3600000,3600000,3600000,3934020,3946380,3950042,514,723,731,729,726,133,133,133,133,133,133,133,727,733,733,1000,1000,1000,1000,1000,1000,1000,1000,1000,1000,1000,1000,1000,1000,0,0,0,0,0,0,0,0,0,0,0,0,0,0,0,1681471753
3945617,3945922,3937530,3960113,3600000,3600000,3600000,3600000,3600000,3600000,3600000,3933715,3946380,3949737,515,723,731,729,726,133,133,133,133,133,133,133,727,733,733,1000,1000,1000,1000,1000,1000,1000,1000,1000,1000,1000,1000,1000,1000,0,0,0,0,0,0,0,0,0,0,0,0,0,0,0,1681471754
3945922,3946685,3938140,3960418,3600000,3600000,3600000,3600000,3600000,3600000,3600000,3934173,3947753,3950958,512,723,731,729,726,133,133,133,133,133,133,133,727,733,733,1000,1000,1000,1000,1000,1000,1000,1000,1000,1000,1000,1000,1000,1000,0,0,0,0,0,0,0,0,0,0,0,0,0,0,0,1681471755
3945922,3945617,3937988,3960723,3600000,3600000,3600000,3600000,3600000,3600000,3600000,3934020,3946685,3950195,512,723,731,729,726,133,133,133,133,133,133,133,727,733,733,1000,1000,1000,1000,1000,1000,1000,1000,1000,1000,1000,1000,1000,1000,0,0,0,0,0,0,0,0,0,0,0,0,0,0,0,1681471756
3945770,3945617,3937835,3960113,3600000,3600000,3600000,3600000,3600000,3600000,3600000,3933563,3946380,3950195,515,723,731,729,726,133,133,133,133,133,133,133,727,733,733,1000,1000,1000,1000,1000,1000,1000,1000,1000,1000,1000,1000,1000,1000,0,0,0,0,0,0,0,0,0,0,0,0,0,0,0,1681471757
3945770,3945922,3938140,3960418,3600000,3600000,3600000,3600000,3600000,3600000,3600000,3933258,3946990,3950347,515,723,731,729,726,133,133,133,133,133,133,133,727,733,733,1000,1000,1000,1000,1000,1000,1000,1000,1000,1000,1000,1000,1000,1000,0,0,0,0,0,0,0,0,0,0,0,0,0,0,0,1681471758
3944854,3945465,3937377,3960266,3600000,3600000,3600000,3600000,3600000,3600000,3600000,3933715,3946685,3950042,514,723,731,729,726,133,133,133,133,133,133,133,727,733,733,1000,1000,1000,1000,1000,1000,1000,1000,1000,1000,1000,1000,1000,1000,0,0,0,0,0,0,0,0,0,0,0,0,0,0,0,1681471759
3945312,3945617,3937072,3959655,3600000,3600000,3600000,3600000,3600000,3600000,3600000,3934020,3946380,3950347,516,723,731,729,726,133,133,133,133,133,133,133,727,733,733,1000,1000,1000,1000,1000,1000,1000,1000,1000,1000,1000,1000,1000,1000,0,0,0,0,0,0,0,0,0,0,0,0,0,0,0,1681471760
3945159,3945312,3937377,3959655,3600000,3600000,3600000,3600000,3600000,3600000,3600000,3933410,3946990,3951110,516,723,731,729,726,133,133,133,133,133,133,133,727,733,733,1000,1000,1000,1000,1000,1000,1000,1000,1000,1000,1000,1000,1000,1000,0,0,0,0,0,0,0,0,0,0,0,0,0,0,0,1681471761
3945465,3945922,3936920,3960266,3600000,3600000,3600000,3600000,3600000,3600000,3600000,3933868,3946533,3950042,512,723,731,729,726,133,133,133,133,133,133,133,727,733,733,1000,1000,1000,1000,1000,1000,1000,1000,1000,1000,1000,1000,1000,1000,0,0,0,0,0,0,0,0,0,0,0,0,0,0,0,1681471762
3945465,3945312,3937072,3959655,3600000,3600000,3600000,3600000,3600000,3600000,3600000,3933410,3945770,3950042,514,723,731,729,726,133,133,133,133,133,133,133,727,733,733,1000,1000,1000,1000,1000,1000,1000,1000,1000,1000,1000,1000,1000,1000,0,0,0,0,0,0,0,0,0,0,0,0,0,0,0,1681471763
3945770,3945312,3936920,3959960,3600000,3600000,3600000,3600000,3600000,3600000,3600000,3933258,3946533,3950653,513,723,731,729,726,133,133,133,133,133,133,133,727,733,733,1000,1000,1000,1000,1000,1000,1000,1000,1000,1000,1000,1000,1000,1000,0,0,0,0,0,0,0,0,0,0,0,0,0,0,0,1681471764
3945617,3945922,3937530,3960113,3600000,3600000,3600000,3600000,3600000,3600000,3600000,3933563,3945922,3950042,512,723,731,729,726,133,133,133,133,133,133,133,727,733,733,1000,1000,1000,1000,1000,1000,1000,1000,1000,1000,1000,1000,1000,1000,0,0,0,0,0,0,0,0,0,0,0,0,0,0,0,1681471765
3945312,3945922,3937072,3960418,3600000,3600000,3600000,3600000,3600000,3600000,3600000,3933563,3946228,3950195,511,723,731,729,726,133,133,133,133,133,133,133,727,733,733,1000,1000,1000,1000,1000,1000,1000,1000,1000,1000,1000,1000,1000,1000,0,0,0,0,0,0,0,0,0,0,0,0,0,0,0,1681471766
3945007,3944702,3936920,3959503,3600000,3600000,3600000,3600000,3600000,3600000,3600000,3932800,3945922,3950195,514,723,731,729,726,133,133,133,133,133,133,133,727,733,733,1000,1000,1000,1000,1000,1000,1000,1000,1000,1000,1000,1000,1000,1000,0,0,0,0,0,0,0,0,0,0,0,0,0,0,0,1681471767
3944549,3944549,3936614,3959503,3600000,3600000,3600000,3600000,3600000,3600000,3600000,3933258,3945770,3949432,515,723,731,729,726,133,133,133,133,133,133,133,727,733,733,1000,1000,1000,1000,1000,1000,1000,1000,1000,1000,1000,1000,1000,1000,0,0,0,0,0,0,0,0,0,0,0,0,0,0,0,1681471768
3945007,3945159,3937377,3959808,3600000,3600000,3600000,3600000,3600000,3600000,3600000,3932952,3945770,3949584,515,723,731,729,726,133,133,133,133,133,133,133,727,733,733,1000,1000,1000,1000,1000,1000,1000,1000,1000,1000,1000,1000,1000,1000,0,0,0,0,0,0,0,0,0,0,0,0,0,0,0,1681471769
3944549,3944854,3937225,3959960,3600000,3600000,3600000,3600000,3600000,3600000,3600000,3933258,3945770,3949432,512,723,731,729,726,133,133,133,133,133,133,133,727,733,733,1000,1000,1000,1000,1000,1000,1000,1000,1000,1000,1000,1000,1000,1000,0,0,0,0,0,0,0,0,0,0,0,0,0,0,0,1681471770
3944854,3945159,3937377,3959655,3600000,3600000,3600000,3600000,3600000,3600000,3600000,3933563,3946838,3950347,513,723,731,729,726,133,133,133,133,133,133,133,727,733,733,1000,1000,1000,1000,1000,1000,1000,1000,1000,1000,1000,1000,1000,1000,0,0,0,0,0,0,0,0,0,0,0,0,0,0,0,1681471771
3944549,3945007,3936767,3959808,3600000,3600000,3600000,3600000,3600000,3600000,3600000,3932800,3945617,3949584,513,722,730,728,725,132,132,132,132,132,132,132,726,732,732,1000,1000,1000,1000,1000,1000,1000,1000,1000,1000,1000,1000,1000,1000,0,0,0,0,0,0,0,0,0,0,0,0,0,0,0,1681471772
3944549,3945007,3936004,3959655,3600000,3600000,3600000,3600000,3600000,3600000,3600000,3933563,3945617,3949737,514,722,730,728,725,132,132,132,132,132,132,132,726,732,732,1000,1000,1000,1000,1000,1000,1000,1000,1000,1000,1000,1000,1000,1000,0,0,0,0,0,0,0,0,0,0,0,0,0,0,0,1681471773
3945159,3944702,3937072,3959655,3600000,3600000,3600000,3600000,3600000,3600000,3600000,3933105,3945312,3949279,512,722,730,728,725,132,132,132,132,132,132,132,726,732,732,1000,1000,1000,1000,1000,1000,1000,1000,1000,1000,1000,1000,1000,1000,0,0,0,0,0,0,0,0,0,0,0,0,0,0,0,1681471774
3944396,3944396,3937072,3959350,3600000,3600000,3600000,3600000,3600000,3600000,3600000,3932495,3945770,3948974,516,722,730,728,725,132,132,132,132,132,132,132,726,732,732,1000,1000,1000,1000,1000,1000,1000,1000,1000,1000,1000,1000,1000,1000,0,0,0,0,0,0,0,0,0,0,0,0,0,0,0,1681471775
3944702,3944549,3937072,3959655,3600000,3600000,3600000,3600000,3600000,3600000,3600000,3932647,3946075,3950042,514,722,730,728,725,132,132,132,132,132,132,132,726,732,732,1000,1000,1000,1000,1000,1000,1000,1000,1000,1000,1000,1000,1000,1000,0,0,0,0,0,0,0,0,0,0,0,0,0,0,0,1681471776
3944854,3945007,3937072,3959655,3600000,3600000,3600000,3600000,3600000,3600000,3600000,3932647,3945617,3949432,511,722,730,728,725,132,132,132,132,132,132,132,726,732,732,1000,1000,1000,1000,1000,1000,1000,1000,1000,1000,1000,1000,1000,1000,0,0,0,0,0,0,0,0,0,0,0,0,0,0,0,1681471777
3944244,3944549,3936157,3958587,3600000,3600000,3600000,3600000,3600000,3600000,3600000,3932495,3946075,3949584,512,722,730,728,725,132,132,132,132,132,132,132,726,732,732,1000,1000,1000,1000,1000,1000,1000,1000,1000,1000,1000,1000,1000,1000,0,0,0,0,0,0,0,0,0,0,0,0,0,0,0,1681471778
3944091,3944396,3936157,3959350,3600000,3600000,3600000,3600000,3600000,3600000,3600000,3932495,3945770,3949584,515,722,730,728,725,132,132,132,132,132,132,132,726,732,732,1000,1000,1000,1000,1000,1000,1000,1000,1000,1000,1000,1000,1000,1000,0,0,0,0,0,0,0,0,0,0,0,0,0,0,0,1681471779
3944702,3944702,3936767,3958892,3600000,3600000,3600000,3600000,3600000,3600000,3600000,3932495,3945312,3949279,515,722,730,728,725,132,132,132,132,132,132,132,726,732,732,1000,1000,1000,1000,1000,1000,1000,1000,1000,1000,1000,1000,1000,1000,0,0,0,0,0,0,0,0,0,0,0,0,0,0,0,1681471780
3945159,3944549,3936767,3959197,3600000,3600000,3600000,3600000,3600000,3600000,3600000,3932495,3945465,3949127,514,722,730,728,725,132,132,132,132,132,132,132,726,732,732,1000,1000,1000,1000,1000,1000,1000,1000,1000,1000,1000,1000,1000,1000,0,0,0,0,0,0,0,0,0,0,0,0,0,0,0,1681471781
3943634,3943634,3936309,3958587,3600000,3600000,3600000,3600000,3600000,3600000,3600000,3932189,3945770,3949432,516,722,730,728,725,132,132,132,132,132,132,132,726,732,732,1000,1000,1000,1000,1000,1000,1000,1000,1000,1000,1000,1000,1000,1000,0,0,0,0,0,0,0,0,0,0,0,0,0,0,0,1681471782
3944549,3944702,3936462,3959808,3600000,3600000,3600000,3600000,3600000,3600000,3600000,3932342,3945922,3949279,514,722,730,728,725,132,132,132,132,132,132,132,726,732,732,1000,1000,1000,1000,1000,1000,1000,1000,1000,1000,1000,1000,1000,1000,0,0,0,0,0,0,0,0,0,0,0,0,0,0,0,1681471783
3945007,3945159,3936920,3959045,3600000,3600000,3600000,3600000,3600000,3600000,3600000,3932647,3945617,3949584,513,722,730,728,725,132,132,132,132,132,132,132,726,732,732,1000,1000,1000,1000,1000,1000,1000,1000,1000,1000,1000,1000,1000,1000,0,0,0,0,0,0,0,0,0,0,0,0,0,0,0,1681471784
3944549,3944854,3936614,3959960,3600000,3600000,3600000,3600000,3600000,3600000,3600000,3931427,3944702,3949127,513,722,730,728,725,132,132,132,132,132,132,132,726,732,732,1000,1000,1000,1000,1000,1000,1000,1000,1000,1000,1000,1000,1000,1000,0,0,0,0,0,0,0,0,0,0,0,0,0,0,0,1681471785
3944702,3944854,3937072,3959503,3600000,3600000,3600000,3600000,3600000,3600000,3600000,3932800,3945617,3949737,510,722,730,728,725,132,132,132,132,132,132,132,726,732,732,1000,1000,1000,1000,1000,1000,1000,1000,1000,1000,1000,1000,1000,1000,0,0,0,0,0,0,0,0,0,0,0,0,0,0,0,1681471786
3944854,3944549,3936157,3959197,3600000,3600000,3600000,3600000,3600000,3600000,3600000,3932037,3945007,3948822,512,722,730,728,725,132,132,132,132,132,132,132,726,732,732,1000,1000,1000,1000,1000,1000,1000,1000,1000,1000,1000,1000,1000,1000,0,0,0,0,0,0,0,0,0,0,0,0,0,0,0,1681471787
3944091,3943939,3936004,3958892,3600000,3600000,3600000,3600000,3600000,3600000,3600000,3932952,3945922,3948974,513,722,730,728,725,132,132,132,132,132,132,132,726,732,732,1000,1000,1000,1000,1000,1000,1000,1000,1000,1000,1000,1000,1000,1000,0,0,0,0,0,0,0,0,0,0,0,0,0,0,0,1681471788
3943786,3944549,3935852,3958587,3600000,3600000,3600000,3600000,3600000,3600000,3600000,3932342,3945617,3949127,513,722,730,728,725,132,132,132,132,132,132,132,726,732,732,1000,1000,1000,1000,1000,1000,1000,1000,1000,1000,1000,1000,1000,1000,0,0,0,0,0,0,0,0,0,0,0,0,0,0,0,1681471789
3944091,3944702,3935852,3957977,3600000,3600000,3600000,3600000,3600000,3600000,3600000,3932495,3944244,3948669,514,722,730,728,725,132,132,132,132,132,132,132,726,732,732,1000,1000,1000,1000,1000,1000,1000,1000,1000,1000,1000,1000,1000,1000,0,0,0,0,0,0,0,0,0,0,0,0,0,0,0,1681471790
3943634,3943939,3936004,3958435,3600000,3600000,3600000,3600000,3600000,3600000,3600000,3932342,3945312,3948516,513,722,730,728,725,132,132,132,132,132,132,132,726,732,732,1000,1000,1000,1000,1000,1000,1000,1000,1000,1000,1000,1000,1000,1000,0,0,0,0,0,0,0,0,0,0,0,0,0,0,0,1681471791
3943786,3943939,3935699,3958740,3600000,3600000,3600000,3600000,3600000,3600000,3600000,3932037,3945159,3949279,512,721,729,727,724,131,131,131,131,131,131,131,725,731,731,1000,1000,1000,1000,1000,1000,1000,1000,1000,1000,1000,1000,1000,1000,0,0,0,0,0,0,0,0,0,0,0,0,0,0,0,1681471792
3943939,3943786,3935852,3958435,3600000,3600000,3600000,3600000,3600000,3600000,3600000,3932037,3944091,3948211,514,721,729,727,724,131,131,131,131,131,131,131,725,731,731,1000,1000,1000,1000,1000,1000,1000,1000,1000,1000,1000,1000,1000,1000,0,0,0,0,0,0,0,0,0,0,0,0,0,0,0,1681471793
3943481,3943634,3934936,3957824,3600000,3600000,3600000,3600000,3600000,3600000,3600000,3931427,3944396,3948364,515,721,729,727,724,131,131,131,131,131,131,131,725,731,731,1000,1000,1000,1000,1000,1000,1000,1000,1000,1000,1000,1000,1000,1000,0,0,0,0,0,0,0,0,0,0,0,0,0,0,0,1681471794
3943634,3944091,3935852,3958282,3600000,3600000,3600000,3600000,3600000,3600000,3600000,3931884,3944244,3948364,515,721,729,727,724,131,131,131,131,131,131,131,725,731,731,1000,1000,1000,1000,1000,1000,1000,1000,1000,1000,1000,1000,1000,1000,0,0,0,0,0,0,0,0,0,0,0,0,0,0,0,1681471795
3943176,3943481,3936462,3958435,3600000,3600000,3600000,3600000,3600000,3600000,3600000,3931732,3944702,3948822,515,721,729,727,724,131,131,131,131,131,131,131,725,731,731,1000,1000,1000,1000,1000,1000,1000,1000,1000,1000,1000,1000,1000,1000,0,0,0,0,0,0,0,0,0,0,0,0,0,0,0,1681471796
3943328,3943939,3935699,3958129,3600000,3600000,3600000,3600000,3600000,3600000,3600000,3932189,3944702,3948669,514,721,729,727,724,131,131,131,131,131,131,131,725,731,731,1000,1000,1000,1000,1000,1000,1000,1000,1000,1000,1000,1000,1000,1000,0,0,0,0,0,0,0,0,0,0,0,0,0,0,0,1681471797
3944244,3944396,3936004,3958129,3600000,3600000,3600000,3600000,3600000,3600000,3600000,3932189,3944549,3948364,514,721,729,727,724,131,131,131,131,131,131,131,725,731,731,1000,1000,1000,1000,1000,1000,1000,1000,1000,1000,1000,1000,1000,1000,0,0,0,0,0,0,0,0,0,0,0,0,0,0,0,1681471798
3943481,3943939,3935241,3958282,3600000,3600000,3600000,3600000,3600000,3600000,3600000,3931579,3944854,3949127,514,721,729,727,724,131,131,131,131,131,131,131,725,731,731,1000,1000,1000,1000,1000,1000,1000,1000,1000,1000,1000,1000,1000,1000,0,0,0,0,0,0,0,0,0,0,0,0,0,0,0,1681471799
3943328,3943786,3935394,3957672,3600000,3600000,3600000,3600000,3600000,3600000,3600000,3931732,3944244,3948211,516,721,729,727,724,131,131,131,131,131,131,131,725,731,731,1000,1000,1000,1000,1000,1000,1000,1000,1000,1000,1000,1000,1000,1000,0,0,0,0,0,0,0,0,0,0,0,0,0,0,0,1681471800
3943023,3943481,3935699,3958282,3600000,3600000,3600000,3600000,3600000,3600000,3600000,3932342,3944854,3948516,513,721,729,727,724,131,131,131,131,131,131,131,725,731,731,1000,1000,1000,1000,1000,1000,1000,1000,1000,1000,1000,1000,1000,1000,0,0,0,0,0,0,0,0,0,0,0,0,0,0,0,1681471801
3943328,3943786,3935394,3958129,3600000,3600000,3600000,3600000,3600000,3600000,3600000,3932037,3944702,3948364,513,721,729,727,724,131,131,131,131,131,131,131,725,731,731,1000,1000,1000,1000,1000,1000,1000,1000,1000,1000,1000,1000,1000,1000,0,0,0,0,0,0,0,0,0,0,0,0,0,0,0,1681471802
3943481,3943481,3936157,3958282,3600000,3600000,3600000,3600000,3600000,3600000,3600000,3931427,3945007,3948211,513,721,729,727,724,131,131,131,131,131,131,131,725,731,731,1000,1000,1000,1000,1000,1000,1000,1000,1000,1000,1000,1000,1000,1000,0,0,0,0,0,0,0,0,0,0,0,0,0,0,0,1681471803
3943481,3943634,3936462,3957977,3600000,3600000,3600000,3600000,3600000,3600000,3600000,3932189,3944549,3948669,509,721,729,727,724,131,131,131,131,131,131,131,725,731,731,1000,1000,1000,1000,1000,1000,1000,1000,1000,1000,1000,1000,1000,1000,0,0,0,0,0,0,0,0,0,0,0,0,0,0,0,1681471804
3943634,3944244,3935394,3957519,3600000,3600000,3600000,3600000,3600000,3600000,3600000,3931427,3944091,3948211,513,721,729,727,724,131,131,131,131,131,131,131,725,731,731,1000,1000,1000,1000,1000,1000,1000,1000,1000,1000,1000,1000,1000,1000,0,0,0,0,0,0,0,0,0,0,0,0,0,0,0,1681471805
3943176,3943328,3935089,3957824,3600000,3600000,3600000,3600000,3600000,3600000,3600000,3932037,3944549,3947906,512,721,729,727,724,131,131,131,131,131,131,131,725,731,731,1000,1000,1000,1000,1000,1000,1000,1000,1000,1000,1000,1000,1000,1000,0,0,0,0,0,0,0,0,0,0,0,0,0,0,0,1681471806
3943176,3943786,3935241,3957824,3600000,3600000,3600000,3600000,3600000,3600000,3600000,3931121,3944244,3948516,513,721,729,727,724,131,131,131,131,131,131,131,725,731,731,1000,1000,1000,1000,1000,1000,1000,1000,1000,1000,1000,1000,1000,1000,0,0,0,0,0,0,0,0,0,0,0,0,0,0,0,1681471807
3943176,3943939,3935852,3958587,3600000,3600000,3600000,3600000,3600000,3600000,3600000,3931427,3944091,3947753,512,721,729,727,724,131,131,131,131,131,131,131,725,731,731,1000,1000,1000,1000,1000,1000,1000,1000,1000,1000,1000,1000,1000,1000,0,0,0,0,0,0,0,0,0,0,0,0,0,0,0,1681471808
3942871,3943328,3935241,3957672,3600000,3600000,3600000,3600000,3600000,3600000,3600000,3932037,3944854,3948516,512,721,729,727,724,131,131,131,131,131,131,131,725,731,731,1000,1000,1000,1000,1000,1000,1000,1000,1000,1000,1000,1000,1000,1000,0,0,0,0,0,0,0,0,0,0,0,0,0,0,0,1681471809
3944091,3944091,3935852,3958587,3600000,3600000,3600000,3600000,3600000,3600000,3600000,3931732,3945159,3948822,509,721,729,727,724,131,131,131,131,131,131,131,725,731,731,1000,1000,1000,1000,1000,1000,1000,1000,1000,1000,1000,1000,1000,1000,0,0,0,0,0,0,0,0,0,0,0,0,0,0,0,1681471810
3942565,3943023,3934936,3957519,3600000,3600000,3600000,3600000,3600000,3600000,3600000,3930664,3943939,3947601,515,721,729,727,724,131,131,131,131,131,131,131,725,731,731,1000,1000,1000,1000,1000,1000,1000,1000,1000,1000,1000,1000,1000,1000,0,0,0,0,0,0,0,0,0,0,0,0,0,0,0,1681471811
3943176,3943328,3934936,3957214,3600000,3600000,3600000,3600000,3600000,3600000,3600000,3931427,3944244,3947143,512,720,728,726,723,130,130,130,130,130,130,130,724,730,730,1000,1000,1000,1000,1000,1000,1000,1000,1000,1000,1000,1000,1000,1000,0,0,0,0,0,0,0,0,0,0,0,0,0,0,0,1681471812
3943481,3943634,3935089,3957672,3600000,3600000,3600000,3600000,3600000,3600000,3600000,3930969,3943939,3947448,512,720,728,726,723,130,130,130,130,130,130,130,724,730,730,1000,1000,1000,1000,1000,1000,1000,1000,1000,1000,1000,1000,1000,1000,0,0,0,0,0,0,0,0,0,0,0,0,0,0,0,1681471813
3942413,3943328,3934783,3956756,3600000,3600000,3600000,3600000,3600000,3600000,3600000,3931121,3943939,3947753,515,720,728,726,723,130,130,130,130,130,130,130,724,730,730,1000,1000,1000,1000,1000,1000,1000,1000,1000,1000,1000,1000,1000,1000,0,0,0,0,0,0,0,0,0,0,0,0,0,0,0,1681471814
3942413,3943176,3935241,3957824,3600000,3600000,3600000,3600000,3600000,3600000,3600000,3931121,3943786,3947448,515,720,728,726,723,130,130,130,130,130,130,130,724,730,730,1000,1000,1000,1000,1000,1000,1000,1000,1000,1000,1000,1000,1000,1000,0,0,0,0,0,0,0,0,0,0,0,0,0,0,0,1681471815
3942413,3942413,3934783,3957672,3600000,3600000,3600000,3600000,3600000,3600000,3600000,3930664,3943481,3947448,516,720,728,726,723,130,130,130,130,130,130,130,724,730,730,1000,1000,1000,1000,1000,1000,1000,1000,1000,1000,1000,1000,1000,1000,0,0,0,0,0,0,0,0,0,0,0,0,0,0,0,1681471816
3942260,3943176,3934783,3957366,3600000,3600000,3600000,3600000,3600000,3600000,3600000,3930358,3943786,3947601,513,720,728,726,723,130,130,130,130,130,130,130,724,730,730,1000,1000,1000,1000,1000,1000,1000,1000,1000,1000,1000,1000,1000,1000,0,0,0,0,0,0,0,0,0,0,0,0,0,0,0,1681471817
3942871,3943481,3934478,3956909,3600000,3600000,3600000,3600000,3600000,3600000,3600000,3930664,3943176,3947448,515,720,728,726,723,130,130,130,130,130,130,130,724,730,730,1000,1000,1000,1000,1000,1000,1000,1000,1000,1000,1000,1000,1000,1000,0,0,0,0,0,0,0,0,0,0,0,0,0,0,0,1681471818
3942871,3943176,3934326,3956756,3600000,3600000,3600000,3600000,3600000,3600000,3600000,3930969,3944091,3948059,511,720,728,726,723,130,130,130,130,130,130,130,724,730,730,1000,1000,1000,1000,1000,1000,1000,1000,1000,1000,1000,1000,1000,1000,0,0,0,0,0,0,0,0,0,0,0,0,0,0,0,1681471819
3942718,3943328,3934783,3957061,3600000,3600000,3600000,3600000,3600000,3600000,3600000,3930664,3944244,3948364,511,720,728,726,723,130,130,130,130,130,130,130,724,730,730,1000,1000,1000,1000,1000,1000,1000,1000,1000,1000,1000,1000,1000,1000,0,0,0,0,0,0,0,0,0,0,0,0,0,0,0,1681471820
3942108,3942565,3933868,3956451,3600000,3600000,3600000,3600000,3600000,3600000,3600000,3930664,3943176,3947143,514,720,728,726,723,130,130,130,130,130,130,130,724,730,730,1000,1000,1000,1000,1000,1000,1000,1000,1000,1000,1000,1000,1000,1000,0,0,0,0,0,0,0,0,0,0,0,0,0,0,0,1681471821
3942413,3943328,3935089,3957061,3600000,3600000,3600000,3600000,3600000,3600000,3600000,3930664,3943786,3947601,512,720,728,726,723,130,130,130,130,130,130,130,724,730,730,1000,1000,1000,1000,1000,1000,1000,1000,1000,1000,1000,1000,1000,1000,0,0,0,0,0,0,0,0,0,0,0,0,0,0,0,1681471822
3941955,3941955,3933563,3956298,3600000,3600000,3600000,3600000,3600000,3600000,3600000,3930511,3943176,3946380,517,720,728,726,723,130,130,130,130,130,130,130,724,730,730,1000,1000,1000,1000,1000,1000,1000,1000,1000,1000,1000,1000,1000,1000,0,0,0,0,0,0,0,0,0,0,0,0,0,0,0,1681471823
3941955,3942871,3934631,3957519,3600000,3600000,3600000,3600000,3600000,3600000,3600000,3931427,3943176,3946838,511,720,728,726,723,130,130,130,130,130,130,130,724,730,730,1000,1000,1000,1000,1000,1000,1000,1000,1000,1000,1000,1000,1000,1000,0,0,0,0,0,0,0,0,0,0,0,0,0,0,0,1681471824
3942260,3942718,3934478,3956909,3600000,3600000,3600000,3600000,3600000,3600000,3600000,3931121,3943328,3947448,512,720,728,726,723,130,130,130,130,130,130,130,724,730,730,1000,1000,1000,1000,1000,1000,1000,1000,1000,1000,1000,1000,1000,1000,0,0,0,0,0,0,0,0,0,0,0,0,0,0,0,1681471825
3941955,3942718,3934783,3957061,3600000,3600000,3600000,3600000,3600000,3600000,3600000,3931121,3943481,3947753,514,720,728,726,723,130,130,130,130,130,130,130,724,730,730,1000,1000,1000,1000,1000,1000,1000,1000,1000,1000,1000,1000,1000,1000,0,0,0,0,0,0,0,0,0,0,0,0,0,0,0,1681471826
3942413,3942260,3934631,3956909,3600000,3600000,3600000,3600000,3600000,3600000,3600000,3930664,3942871,3947448,513,720,728,726,723,130,130,130,130,130,130,130,724,730,730,1000,1000,1000,1000,1000,1000,1000,1000,1000,1000,1000,1000,1000,1000,0,0,0,0,0,0,0,0,0,0,0,0,0,0,0,1681471827
3942565,3943328,3934173,3957061,3600000,3600000,3600000,3600000,3600000,3600000,3600000,3930358,3943786,3947296,513,720,728,726,723,130,130,130,130,130,130,130,724,730,730,1000,1000,1000,1000,1000,1000,1000,1000,1000,1000,1000,1000,1000,1000,0,0,0,0,0,0,0,0,0,0,0,0,0,0,0,1681471828
3941650,3942260,3934478,3957366,3600000,3600000,3600000,3600000,3600000,3600000,3600000,3930511,3943786,3946838,514,720,728,726,723,130,130,130,130,130,130,130,724,730,730,1000,1000,1000,1000,1000,1000,1000,1000,1000,1000,1000,1000,1000,1000,0,0,0,0,0,0,0,0,0,0,0,0,0,0,0,1681471829
3942108,3942718,3935241,3957672,3600000,3600000,3600000,3600000,3600000,3600000,3600000,3930969,3943786,3946990,511,720,728,726,723,130,130,130,130,130,130,130,724,730,730,1000,1000,1000,1000,1000,1000,1000,1000,1000,1000,1000,1000,1000,1000,0,0,0,0,0,0,0,0,0,0,0,0,0,0,0,1681471830
3942413,3943328,3934631,3957061,3600000,3600000,3600000,3600000,3600000,3600000,3600000,3930358,3943176,3947143,512,719,727,725,722,129,129,129,129,129,129,129,723,729,729,1000,1000,1000,1000,1000,1000,1000,1000,1000,1000,1000,1000,1000,1000,0,0,0,0,0,0,0,0,0,0,0,0,0,0,0,1681471831
3942108,3942413,3934326,3957214,3600000,3600000,3600000,3600000,3600000,3600000,3600000,3930816,3943481,3946990,515,719,727,725,722,129,129,129,129,129,129,129,723,729,729,1000,1000,1000,1000,1000,1000,1000,1000,1000,1000,1000,1000,1000,1000,0,0,0,0,0,0,0,0,0,0,0,0,0,0,0,1681471832
3941955,3942108,3933258,3956604,3600000,3600000,3600000,3600000,3600000,3600000,3600000,3930358,3943481,3946685,515,719,727,725,722,129,129,129,129,129,129,129,723,729,729,1000,1000,1000,1000,1000,1000,1000,1000,1000,1000,1000,1000,1000,1000,0,0,0,0,0,0,0,0,0,0,0,0,0,0,0,1681471833
3941650,3941955,3934173,3956756,3600000,3600000,3600000,3600000,3600000,3600000,3600000,3930053,3943634,3947143,512,719,727,725,722,129,129,129,129,129,129,129,723,729,729,1000,1000,1000,1000,1000,1000,1000,1000,1000,1000,1000,1000,1000,1000,0,0,0,0,0,0,0,0,0,0,0,0,0,0,0,1681471834
3941650,3942260,3933410,3956298,3600000,3600000,3600000,3600000,3600000,3600000,3600000,3929901,3943023,3946990,516,719,727,725,722,129,129,129,129,129,129,129,723,729,729,1000,1000,1000,1000,1000,1000,1000,1000,1000,1000,1000,1000,1000,1000,0,0,0,0,0,0,0,0,0,0,0,0,0,0,0,1681471835
3941650,3942108,3934478,3956909,3600000,3600000,3600000,3600000,3600000,3600000,3600000,3931121,3942871,3947143,511,719,727,725,722,129,129,129,129,129,129,129,723,729,729,1000,1000,1000,1000,1000,1000,1000,1000,1000,1000,1000,1000,1000,1000,0,0,0,0,0,0,0,0,0,0,0,0,0,0,0,1681471836
3942260,3942718,3933868,3956451,3600000,3600000,3600000,3600000,3600000,3600000,3600000,3930664,3943481,3947448,510,719,727,725,722,129,129,129,129,129,129,129,723,729,729,1000,1000,1000,1000,1000,1000,1000,1000,1000,1000,1000,1000,1000,1000,0,0,0,0,0,0,0,0,0,0,0,0,0,0,0,1681471837
3941040,3942260,3933410,3956146,3600000,3600000,3600000,3600000,3600000,3600000,3600000,3929748,3943023,3946533,513,719,727,725,722,129,129,129,129,129,129,129,723,729,729,1000,1000,1000,1000,1000,1000,1000,1000,1000,1000,1000,1000,1000,1000,0,0,0,0,0,0,0,0,0,0,0,0,0,0,0,1681471838
3941802,3942413,3933715,3957214,3600000,3600000,3600000,3600000,3600000,3600000,3600000,3930206,3943634,3947601,512,719,727,725,722,129,129,129,129,129,129,129,723,729,729,1000,1000,1000,1000,1000,1000,1000,1000,1000,1000,1000,1000,1000,1000,0,0,0,0,0,0,0,0,0,0,0,0,0,0,0,1681471839
3941345,3941802,3933715,3956451,3600000,3600000,3600000,3600000,3600000,3600000,3600000,3929138,3942565,3946228,515,719,727,725,722,129,129,129,129,129,129,129,723,729,729,1000,1000,1000,1000,1000,1000,1000,1000,1000,1000,1000,1000,1000,1000,0,0,0,0,0,0,0,0,0,0,0,0,0,0,0,1681471840
3941192,3941955,3933105,3955535,3600000,3600000,3600000,3600000,3600000,3600000,3600000,3929290,3942260,3945617,516,719,727,725,722,129,129,129,129,129,129,129,723,729,729,1000,1000,1000,1000,1000,1000,1000,1000,1000,1000,1000,1000,1000,1000,0,0,0,0,0,0,0,0,0,0,0,0,0,0,0,1681471841
3941497,3941802,3933715,3956298,3600000,3600000,3600000,3600000,3600000,3600000,3600000,3929748,3942565,3946533,513,719,727,725,722,129,129,129,129,129,129,129,723,729,729,1000,1000,1000,1000,1000,1000,1000,1000,1000,1000,1000,1000,1000,1000,0,0,0,0,0,0,0,0,0,0,0,0,0,0,0,1681471842
3941955,3942108,3934020,3956146,3600000,3600000,3600000,3600000,3600000,3600000,3600000,3929901,3942871,3946838,511,719,727,725,722,129,129,129,129,129,129,129,723,729,729,1000,1000,1000,1000,1000,1000,1000,1000,1000,1000,1000,1000,1000,1000,0,0,0,0,0,0,0,0,0,0,0,0,0,0,0,1681471843
3940887,3942260,3933563,3957061,3600000,3600000,3600000,3600000,3600000,3600000,3600000,3929901,3942871,3946685,513,719,727,725,722,129,129,129,129,129,129,129,723,729,729,1000,1000,1000,1000,1000,1000,1000,1000,1000,1000,1000,1000,1000,1000,0,0,0,0,0,0,0,0,0,0,0,0,0,0,0,1681471844
3941345,3941802,3933715,3955688,3600000,3600000,3600000,3600000,3600000,3600000,3600000,3929138,3942565,3946380,513,719,727,725,722,129,129,129,129,129,129,129,723,729,729,1000,1000,1000,1000,1000,1000,1000,1000,1000,1000,1000,1000,1000,1000,0,0,0,0,0,0,0,0,0,0,0,0,0,0,0,1681471845
3941650,3941955,3933105,3955535,3600000,3600000,3600000,3600000,3600000,3600000,3600000,3929748,3942260,3945617,514,719,727,725,722,129,129,129,129,129,129,129,723,729,729,1000,1000,1000,1000,1000,1000,1000,1000,1000,1000,1000,1000,1000,1000,0,0,0,0,0,0,0,0,0,0,0,0,0,0,0,1681471846
3941040,3942413,3933105,3955688,3600000,3600000,3600000,3600000,3600000,3600000,3600000,3928985,3942565,3945922,515,719,727,725,722,129,129,129,129,129,129,129,723,729,729,1000,1000,1000,1000,1000,1000,1000,1000,1000,1000,1000,1000,1000,1000,0,0,0,0,0,0,0,0,0,0,0,0,0,0,0,1681471847
3942108,3942565,3934478,3956756,3600000,3600000,3600000,3600000,3600000,3600000,3600000,3929901,3942871,3946838,508,719,727,725,722,129,129,129,129,129,129,129,723,729,729,1000,1000,1000,1000,1000,1000,1000,1000,1000,1000,1000,1000,1000,1000,0,0,0,0,0,0,0,0,0,0,0,0,0,0,0,1681471848
3940887,3941802,3933105,3955841,3600000,3600000,3600000,3600000,3600000,3600000,3600000,3928985,3942413,3946075,512,719,727,725,722,129,129,129,129,129,129,129,723,729,729,1000,1000,1000,1000,1000,1000,1000,1000,1000,1000,1000,1000,1000,1000,0,0,0,0,0,0,0,0,0,0,0,0,0,0,0,1681471849
3941497,3941955,3934020,3956298,3600000,3600000,3600000,3600000,3600000,3600000,3600000,3929595,3941955,3945922,512,719,727,725,722,129,129,129,129,129,129,129,723,729,729,1000,1000,1000,1000,1000,1000,1000,1000,1000,1000,1000,1000,1000,1000,0,0,0,0,0,0,0,0,0,0,0,0,0,0,0,1681471850
3941345,3941802,3932647,3955383,3600000,3600000,3600000,3600000,3600000,3600000,3600000,3930358,3942260,3945465,512,718,726,724,721,128,128,128,128,128,128,128,722,728,728,1000,1000,1000,1000,1000,1000,1000,1000,1000,1000,1000,1000,1000,1000,0,0,0,0,0,0,0,0,0,0,0,0,0,0,0,1681471851
3941955,3941955,3933258,3956298,3600000,3600000,3600000,3600000,3600000,3600000,3600000,3929443,3942413,3946380,512,718,726,724,721,128,128,128,128,128,128,128,722,728,728,1000,1000,1000,1000,1000,1000,1000,1000,1000,1000,1000,1000,1000,1000,0,0,0,0,0,0,0,0,0,0,0,0,0,0,0,1681471852
3940277,3941040,3932342,3955078,3600000,3600000,3600000,3600000,3600000,3600000,3600000,3929443,3941955,3945770,514,718,726,724,721,128,128,128,128,128,128,128,722,728,728,1000,1000,1000,1000,1000,1000,1000,1000,1000,1000,1000,1000,1000,1000,0,0,0,0,0,0,0,0,0,0,0,0,0,0,0,1681471853
3940887,3941345,3933105,3955841,3600000,3600000,3600000,3600000,3600000,3600000,3600000,3929443,3941802,3945465,513,718,726,724,721,128,128,128,128,128,128,128,722,728,728,1000,1000,1000,1000,1000,1000,1000,1000,1000,1000,1000,1000,1000,1000,0,0,0,0,0,0,0,0,0,0,0,0,0,0,0,1681471854
3941192,3942108,3934020,3955535,3600000,3600000,3600000,3600000,3600000,3600000,3600000,3930206,3942413,3945922,513,718,726,724,721,128,128,128,128,128,128,128,722,728,728,1000,1000,1000,1000,1000,1000,1000,1000,1000,1000,1000,1000,1000,1000,0,0,0,0,0,0,0,0,0,0,0,0,0,0,0,1681471855
3941192,3941497,3933715,3956146,3600000,3600000,3600000,3600000,3600000,3600000,3600000,3929748,3942565,3945770,511,718,726,724,721,128,128,128,128,128,128,128,722,728,728,1000,1000,1000,1000,1000,1000,1000,1000,1000,1000,1000,1000,1000,1000,0,0,0,0,0,0,0,0,0,0,0,0,0,0,0,1681471856
3940887,3941802,3933410,3955688,3600000,3600000,3600000,3600000,3600000,3600000,3600000,3928680,3941650,3945312,514,718,726,724,721,128,128,128,128,128,128,128,722,728,728,1000,1000,1000,1000,1000,1000,1000,1000,1000,1000,1000,1000,1000,1000,0,0,0,0,0,0,0,0,0,0,0,0,0,0,0,1681471857
3940887,3941802,3933258,3955383,3600000,3600000,3600000,3600000,3600000,3600000,3600000,3929595,3942108,3946075,512,718,726,724,721,128,128,128,128,128,128,128,722,728,728,1000,1000,1000,1000,1000,1000,1000,1000,1000,1000,1000,1000,1000,1000,0,0,0,0,0,0,0,0,0,0,0,0,0,0,0,1681471858
3941345,3941650,3933105,3955993,3600000,3600000,3600000,3600000,3600000,3600000,3600000,3929290,3941345,3945312,511,718,726,724,721,128,128,128,128,128,128,128,722,728,728,1000,1000,1000,1000,1000,1000,1000,1000,1000,1000,1000,1000,1000,1000,0,0,0,0,0,0,0,0,0,0,0,0,0,0,0,1681471859
3941345,3941497,3932342,3954925,3600000,3600000,3600000,3600000,3600000,3600000,3600000,3929138,3943176,3946075,513,718,726,724,721,128,128,128,128,128,128,128,722,728,728,1000,1000,1000,1000,1000,1000,1000,1000,1000,1000,1000,1000,1000,1000,0,0,0,0,0,0,0,0,0,0,0,0,0,0,0,1681471860
3940277,3940887,3932800,3955078,3600000,3600000,3600000,3600000,3600000,3600000,3600000,3928527,3941497,3944854,516,718,726,724,721,128,128,128,128,128,128,128,722,728,728,1000,1000,1000,1000,1000,1000,1000,1000,1000,1000,1000,1000,1000,1000,0,0,0,0,0,0,0,0,0,0,0,0,0,0,0,1681471861
3940124,3940124,3932189,3954925,3600000,3600000,3600000,3600000,3600000,3600000,3600000,3928680,3941955,3945922,516,718,726,724,721,128,128,128,128,128,128,128,722,728,728,1000,1000,1000,1000,1000,1000,1000,1000,1000,1000,1000,1000,1000,1000,0,0,0,0,0,0,0,0,0,0,0,0,0,0,0,1681471862
3940124,3940582,3932495,3955078,3600000,3600000,3600000,3600000,3600000,3600000,3600000,3928680,3941955,3945617,513,718,726,724,721,128,128,128,128,128,128,128,722,728,728,1000,1000,1000,1000,1000,1000,1000,1000,1000,1000,1000,1000,1000,1000,0,0,0,0,0,0,0,0,0,0,0,0,0,0,0,1681471863
3940734,3940429,3932952,3954772,3600000,3600000,3600000,3600000,3600000,3600000,3600000,3928527,3941650,3945922,515,718,726,724,721,128,128,128,128,128,128,128,722,728,728,1000,1000,1000,1000,1000,1000,1000,1000,1000,1000,1000,1000,1000,1000,0,0,0,0,0,0,0,0,0,0,0,0,0,0,0,1681471864
3940734,3940582,3932495,3954925,3600000,3600000,3600000,3600000,3600000,3600000,3600000,3928833,3940887,3944396,513,718,726,724,721,128,128,128,128,128,128,128,722,728,728,1000,1000,1000,1000,1000,1000,1000,1000,1000,1000,1000,1000,1000,1000,0,0,0,0,0,0,0,0,0,0,0,0,0,0,0,1681471865
3941040,3941192,3932495,3955078,3600000,3600000,3600000,3600000,3600000,3600000,3600000,3928680,3941802,3945617,511,718,726,724,721,128,128,128,128,128,128,128,722,728,728,1000,1000,1000,1000,1000,1000,1000,1000,1000,1000,1000,1000,1000,1000,0,0,0,0,0,0,0,0,0,0,0,0,0,0,0,1681471866
3940582,3941040,3932189,3954620,3600000,3600000,3600000,3600000,3600000,3600000,3600000,3928375,3941192,3944854,513,718,726,724,721,128,128,128,128,128,128,128,722,728,728,1000,1000,1000,1000,1000,1000,1000,1000,1000,1000,1000,1000,1000,1000,0,0,0,0,0,0,0,0,0,0,0,0,0,0,0,1681471867
3940887,3941192,3932342,3955078,3600000,3600000,3600000,3600000,3600000,3600000,3600000,3928375,3941192,3945922,514,718,726,724,721,128,128,128,128,128,128,128,722,728,728,1000,1000,1000,1000,1000,1000,1000,1000,1000,1000,1000,1000,1000,1000,0,0,0,0,0,0,0,0,0,0,0,0,0,0,0,1681471868
3940887,3940887,3932189,3955230,3600000,3600000,3600000,3600000,3600000,3600000,3600000,3928833,3941497,3945770,511,718,726,724,721,128,128,128,128,128,128,128,722,728,728,1000,1000,1000,1000,1000,1000,1000,1000,1000,1000,1000,1000,1000,1000,0,0,0,0,0,0,0,0,0,0,0,0,0,0,0,1681471869
3940124,3940277,3932342,3954772,3600000,3600000,3600000,3600000,3600000,3600000,3600000,3929748,3941040,3945159,511,718,726,724,721,128,128,128,128,128,128,128,722,728,728,1000,1000,1000,1000,1000,1000,1000,1000,1000,1000,1000,1000,1000,1000,0,0,0,0,0,0,0,0,0,0,0,0,0,0,0,1681471870
3939666,3940429,3931884,3954467,3600000,3600000,3600000,3600000,3600000,3600000,3600000,3927459,3940887,3945159,517,718,726,724,721,128,128,128,128,128,128,128,722,728,728,1000,1000,1000,1000,1000,1000,1000,1000,1000,1000,1000,1000,1000,1000,0,0,0,0,0,0,0,0,0,0,0,0,0,0,0,1681471871
3940429,3940429,3932189,3954467,3600000,3600000,3600000,3600000,3600000,3600000,3600000,3928680,3942108,3944854,514,717,725,723,720,127,127,127,127,127,127,127,721,727,727,1000,1000,1000,1000,1000,1000,1000,1000,1000,1000,1000,1000,1000,1000,0,0,0,0,0,0,0,0,0,0,0,0,0,0,0,1681471872
3939819,3940582,3932800,3954620,3600000,3600000,3600000,3600000,3600000,3600000,3600000,3928985,3941802,3945617,511,717,725,723,720,127,127,127,127,127,127,127,721,727,727,1000,1000,1000,1000,1000,1000,1000,1000,1000,1000,1000,1000,1000,1000,0,0,0,0,0,0,0,0,0,0,0,0,0,0,0,1681471873
3940582,3940277,3932037,3954925,3600000,3600000,3600000,3600000,3600000,3600000,3600000,3928527,3941040,3945465,512,717,725,723,720,127,127,127,127,127,127,127,721,727,727,1000,1000,1000,1000,1000,1000,1000,1000,1000,1000,1000,1000,1000,1000,0,0,0,0,0,0,0,0,0,0,0,0,0,0,0,1681471874
3940582,3941040,3932342,3954467,3600000,3600000,3600000,3600000,3600000,3600000,3600000,3928527,3941497,3944702,513,717,725,723,720,127,127,127,127,127,127,127,721,727,727,1000,1000,1000,1000,1000,1000,1000,1000,1000,1000,1000,1000,1000,1000,0,0,0,0,0,0,0,0,0,0,0,0,0,0,0,1681471875
3940124,3940887,3932189,3954772,3600000,3600000,3600000,3600000,3600000,3600000,3600000,3928527,3941192,3945159,513,717,725,723,720,127,127,127,127,127,127,127,721,727,727,1000,1000,1000,1000,1000,1000,1000,1000,1000,1000,1000,1000,1000,1000,0,0,0,0,0,0,0,0,0,0,0,0,0,0,0,1681471876
3940429,3941040,3931732,3953857,3600000,3600000,3600000,3600000,3600000,3600000,3600000,3927917,3941497,3944396,513,717,725,723,720,127,127,127,127,127,127,127,721,727,727,1000,1000,1000,1000,1000,1000,1000,1000,1000,1000,1000,1000,1000,1000,0,0,0,0,0,0,0,0,0,0,0,0,0,0,0,1681471877
3939208,3940429,3932342,3955230,3600000,3600000,3600000,3600000,3600000,3600000,3600000,3928527,3940582,3944091,512,717,725,723,720,127,127,127,127,127,127,127,721,727,727,1000,1000,1000,1000,1000,1000,1000,1000,1000,1000,1000,1000,1000,1000,0,0,0,0,0,0,0,0,0,0,0,0,0,0,0,1681471878
3939666,3940124,3931579,3953857,3600000,3600000,3600000,3600000,3600000,3600000,3600000,3927764,3940887,3945159,514,717,725,723,720,127,127,127,127,127,127,127,721,727,727,1000,1000,1000,1000,1000,1000,1000,1000,1000,1000,1000,1000,1000,1000,0,0,0,0,0,0,0,0,0,0,0,0,0,0,0,1681471879
3939666,3940277,3931427,3954315,3600000,3600000,3600000,3600000,3600000,3600000,3600000,3928070,3941345,3945007,513,717,725,723,720,127,127,127,127,127,127,127,721,727,727,1000,1000,1000,1000,1000,1000,1000,1000,1000,1000,1000,1000,1000,1000,0,0,0,0,0,0,0,0,0,0,0,0,0,0,0,1681471880
3939361,3940582,3931274,3953857,3600000,3600000,3600000,3600000,3600000,3600000,3600000,3927459,3940734,3944702,515,717,725,723,720,127,127,127,127,127,127,127,721,727,727,1000,1000,1000,1000,1000,1000,1000,1000,1000,1000,1000,1000,1000,1000,0,0,0,0,0,0,0,0,0,0,0,0,0,0,0,1681471881
3939971,3940887,3931121,3954467,3600000,3600000,3600000,3600000,3600000,3600000,3600000,3928070,3939819,3943481,515,717,725,723,720,127,127,127,127,127,127,127,721,727,727,1000,1000,1000,1000,1000,1000,1000,1000,1000,1000,1000,1000,1000,1000,0,0,0,0,0,0,0,0,0,0,0,0,0,0,0,1681471882
3939666,3940124,3931884,3954010,3600000,3600000,3600000,3600000,3600000,3600000,3600000,3928070,3940429,3944396,513,717,725,723,720,127,127,127,127,127,127,127,721,727,727,1000,1000,1000,1000,1000,1000,1000,1000,1000,1000,1000,1000,1000,1000,0,0,0,0,0,0,0,0,0,0,0,0,0,0,0,1681471883
3939971,3941040,3931427,3953857,3600000,3600000,3600000,3600000,3600000,3600000,3600000,3927917,3940582,3943786,513,717,725,723,720,127,127,127,127,127,127,127,721,727,727,1000,1000,1000,1000,1000,1000,1000,1000,1000,1000,1000,1000,1000,1000,0,0,0,0,0,0,0,0,0,0,0,0,0,0,0,1681471884
3939361,3939819,3931579,3954467,3600000,3600000,3600000,3600000,3600000,3600000,3600000,3928070,3940734,3944396,513,717,725,723,720,127,127,127,127,127,127,127,721,727,727,1000,1000,1000,1000,1000,1000,1000,1000,1000,1000,1000,1000,1000,1000,0,0,0,0,0,0,0,0,0,0,0,0,0,0,0,1681471885
3940124,3940124,3931579,3954315,3600000,3600000,3600000,3600000,3600000,3600000,3600000,3928527,3940887,3944549,509,717,725,723,720,127,127,127,127,127,127,127,721,727,727,1000,1000,1000,1000,1000,1000,1000,1000,1000,1000,1000,1000,1000,1000,0,0,0,0,0,0,0,0,0,0,0,0,0,0,0,1681471886
3940124,3940582,3932342,3954315,3600000,3600000,3600000,3600000,3600000,3600000,3600000,3928222,3940124,3944854,510,717,725,723,720,127,127,127,127,127,127,127,721,727,727,1000,1000,1000,1000,1000,1000,1000,1000,1000,1000,1000,1000,1000,1000,0,0,0,0,0,0,0,0,0,0,0,0,0,0,0,1681471887
3938903,3939666,3931579,3954010,3600000,3600000,3600000,3600000,3600000,3600000,3600000,3927764,3940429,3943939,515,717,725,723,720,127,127,127,127,127,127,127,721,727,727,1000,1000,1000,1000,1000,1000,1000,1000,1000,1000,1000,1000,1000,1000,0,0,0,0,0,0,0,0,0,0,0,0,0,0,0,1681471888
3938598,3939819,3931732,3954162,3600000,3600000,3600000,3600000,3600000,3600000,3600000,3927764,3940429,3944091,511,717,725,723,720,127,127,127,127,127,127,127,721,727,727,1000,1000,1000,1000,1000,1000,1000,1000,1000,1000,1000,1000,1000,1000,0,0,0,0,0,0,0,0,0,0,0,0,0,0,0,1681471889
3938903,3939361,3931732,3954315,3600000,3600000,3600000,3600000,3600000,3600000,3600000,3927307,3940887,3945007,512,717,725,723,720,127,127,127,127,127,127,127,721,727,727,1000,1000,1000,1000,1000,1000,1000,1000,1000,1000,1000,1000,1000,1000,0,0,0,0,0,0,0,0,0,0,0,0,0,0,0,1681471890
3939208,3939666,3931274,3953857,3600000,3600000,3600000,3600000,3600000,3600000,3600000,3927764,3940277,3944091,515,717,725,723,720,127,127,127,127,127,127,127,721,727,727,1000,1000,1000,1000,1000,1000,1000,1000,1000,1000,1000,1000,1000,1000,0,0,0,0,0,0,0,0,0,0,0,0,0,0,0,1681471891
3939361,3939666,3931121,3952789,3600000,3600000,3600000,3600000,3600000,3600000,3600000,3927764,3940734,3944091,512,716,724,722,719,126,126,126,126,126,126,126,720,726,726,1000,1000,1000,1000,1000,1000,1000,1000,1000,1000,1000,1000,1000,1000,0,0,0,0,0,0,0,0,0,0,0,0,0,0,0,1681471892
3939056,3939666,3931274,3954010,3600000,3600000,3600000,3600000,3600000,3600000,3600000,3927307,3940582,3943786,513,716,724,722,719,126,126,126,126,126,126,126,720,726,726,1000,1000,1000,1000,1000,1000,1000,1000,1000,1000,1000,1000,1000,1000,0,0,0,0,0,0,0,0,0,0,0,0,0,0,0,1681471893
3938751,3939514,3931274,3953857,3600000,3600000,3600000,3600000,3600000,3600000,3600000,3927459,3939971,3944091,513,716,724,722,719,126,126,126,126,126,126,126,720,726,726,1000,1000,1000,1000,1000,1000,1000,1000,1000,1000,1000,1000,1000,1000,0,0,0,0,0,0,0,0,0,0,0,0,0,0,0,1681471894
3938598,3939514,3931579,3953704,3600000,3600000,3600000,3600000,3600000,3600000,3600000,3927459,3939666,3943786,514,716,724,722,719,126,126,126,126,126,126,126,720,726,726,1000,1000,1000,1000,1000,1000,1000,1000,1000,1000,1000,1000,1000,1000,0,0,0,0,0,0,0,0,0,0,0,0,0,0,0,1681471895
3939208,3939666,3931427,3954162,3600000,3600000,3600000,3600000,3600000,3600000,3600000,3926849,3940429,3944091,514,716,724,722,719,126,126,126,126,126,126,126,720,726,726,1000,1000,1000,1000,1000,1000,1000,1000,1000,1000,1000,1000,1000,1000,0,0,0,0,0,0,0,0,0,0,0,0,0,0,0,1681471896
3939056,3939666,3930969,3953552,3600000,3600000,3600000,3600000,3600000,3600000,3600000,3928070,3940429,3944549,513,716,724,722,719,126,126,126,126,126,126,126,720,726,726,1000,1000,1000,1000,1000,1000,1000,1000,1000,1000,1000,1000,1000,1000,0,0,0,0,0,0,0,0,0,0,0,0,0,0,0,1681471897
3938293,3938903,3931274,3953552,3600000,3600000,3600000,3600000,3600000,3600000,3600000,3927307,3939666,3943328,515,716,724,722,719,126,126,126,126,126,126,126,720,726,726,1000,1000,1000,1000,1000,1000,1000,1000,1000,1000,1000,1000,1000,1000,0,0,0,0,0,0,0,0,0,0,0,0,0,0,0,1681471898
3939208,3939819,3931579,3954010,3600000,3600000,3600000,3600000,3600000,3600000,3600000,3927154,3940429,3943786,511,716,724,722,719,126,126,126,126,126,126,126,720,726,726,1000,1000,1000,1000,1000,1000,1000,1000,1000,1000,1000,1000,1000,1000,0,0,0,0,0,0,0,0,0,0,0,0,0,0,0,1681471899
3939056,3939514,3931579,3953247,3600000,3600000,3600000,3600000,3600000,3600000,3600000,3928070,3939666,3943634,513,716,724,722,719,126,126,126,126,126,126,126,720,726,726,1000,1000,1000,1000,1000,1000,1000,1000,1000,1000,1000,1000,1000,1000,0,0,0,0,0,0,0,0,0,0,0,0,0,0,0,1681471900
3938293,3939514,3931121,3953094,3600000,3600000,3600000,3600000,3600000,3600000,3600000,3927459,3940277,3944091,512,716,724,722,719,126,126,126,126,126,126,126,720,726,726,1000,1000,1000,1000,1000,1000,1000,1000,1000,1000,1000,1000,1000,1000,0,0,0,0,0,0,0,0,0,0,0,0,0,0,0,1681471901
3938598,3939514,3930969,3953399,3600000,3600000,3600000,3600000,3600000,3600000,3600000,3927154,3939971,3943328,514,716,724,722,719,126,126,126,126,126,126,126,720,726,726,1000,1000,1000,1000,1000,1000,1000,1000,1000,1000,1000,1000,1000,1000,0,0,0,0,0,0,0,0,0,0,0,0,0,0,0,1681471902
3938903,3938903,3930664,3953857,3600000,3600000,3600000,3600000,3600000,3600000,3600000,3927612,3940124,3943481,512,716,724,722,719,126,126,126,126,126,126,126,720,726,726,1000,1000,1000,1000,1000,1000,1000,1000,1000,1000,1000,1000,1000,1000,0,0,0,0,0,0,0,0,0,0,0,0,0,0,0,1681471903
3938598,3939208,3930053,3952636,3600000,3600000,3600000,3600000,3600000,3600000,3600000,3926696,3939514,3943176,514,716,724,722,719,126,126,126,126,126,126,126,720,726,726,1000,1000,1000,1000,1000,1000,1000,1000,1000,1000,1000,1000,1000,1000,0,0,0,0,0,0,0,0,0,0,0,0,0,0,0,1681471904
3937835,3938598,3930358,3952941,3600000,3600000,3600000,3600000,3600000,3600000,3600000,3927001,3939819,3943481,513,716,724,722,719,126,126,126,126,126,126,126,720,726,726,1000,1000,1000,1000,1000,1000,1000,1000,1000,1000,1000,1000,1000,1000,0,0,0,0,0,0,0,0,0,0,0,0,0,0,0,1681471905
3937988,3938751,3930358,3952484,3600000,3600000,3600000,3600000,3600000,3600000,3600000,3926391,3939208,3942565,516,716,724,722,719,126,126,126,126,126,126,126,720,726,726,1000,1000,1000,1000,1000,1000,1000,1000,1000,1000,1000,1000,1000,1000,0,0,0,0,0,0,0,0,0,0,0,0,0,0,0,1681471906
3938751,3939514,3930511,3952941,3600000,3600000,3600000,3600000,3600000,3600000,3600000,3926544,3939666,3943634,514,716,724,722,719,126,126,126,126,126,126,126,720,726,726,1000,1000,1000,1000,1000,1000,1000,1000,1000,1000,1000,1000,1000,1000,0,0,0,0,0,0,0,0,0,0,0,0,0,0,0,1681471907
3938140,3938598,3930511,3953247,3600000,3600000,3600000,3600000,3600000,3600000,3600000,3926696,3939208,3943328,515,716,724,722,719,126,126,126,126,126,126,126,720,726,726,1000,1000,1000,1000,1000,1000,1000,1000,1000,1000,1000,1000,1000,1000,0,0,0,0,0,0,0,0,0,0,0,0,0,0,0,1681471908
3938446,3939514,3931121,3953552,3600000,3600000,3600000,3600000,3600000,3600000,3600000,3926849,3939819,3943634,512,716,724,722,719,126,126,126,126,126,126,126,720,726,726,1000,1000,1000,1000,1000,1000,1000,1000,1000,1000,1000,1000,1000,1000,0,0,0,0,0,0,0,0,0,0,0,0,0,0,0,1681471909
3938293,3938598,3930206,3952636,3600000,3600000,3600000,3600000,3600000,3600000,3600000,3926849,3939208,3943176,514,716,724,722,719,126,126,126,126,126,126,126,720,726,726,1000,1000,1000,1000,1000,1000,1000,1000,1000,1000,1000,1000,1000,1000,0,0,0,0,0,0,0,0,0,0,0,0,0,0,0,1681471910
3938446,3938751,3930664,3953399,3600000,3600000,3600000,3600000,3600000,3600000,3600000,3926544,3939208,3943328,514,715,723,721,718,125,125,125,125,125,125,125,719,725,725,1000,1000,1000,1000,1000,1000,1000,1000,1000,1000,1000,1000,1000,1000,0,0,0,0,0,0,0,0,0,0,0,0,0,0,0,1681471911
3938293,3939056,3930511,3953094,3600000,3600000,3600000,3600000,3600000,3600000,3600000,3926696,3939208,3943176,513,715,723,721,718,125,125,125,125,125,125,125,719,725,725,1000,1000,1000,1000,1000,1000,1000,1000,1000,1000,1000,1000,1000,1000,0,0,0,0,0,0,0,0,0,0,0,0,0,0,0,1681471912
3938751,3939208,3930358,3952026,3600000,3600000,3600000,3600000,3600000,3600000,3600000,3926696,3939056,3942718,513,715,723,721,718,125,125,125,125,125,125,125,719,725,725,1000,1000,1000,1000,1000,1000,1000,1000,1000,1000,1000,1000,1000,1000,0,0,0,0,0,0,0,0,0,0,0,0,0,0,0,1681471913
3937988,3938598,3930053,3952789,3600000,3600000,3600000,3600000,3600000,3600000,3600000,3926391,3938903,3943023,514,715,723,721,718,125,125,125,125,125,125,125,719,725,725,1000,1000,1000,1000,1000,1000,1000,1000,1000,1000,1000,1000,1000,1000,0,0,0,0,0,0,0,0,0,0,0,0,0,0,0,1681471914
3937835,3939056,3930053,3952484,3600000,3600000,3600000,3600000,3600000,3600000,3600000,3926696,3939056,3943176,513,715,723,721,718,125,125,125,125,125,125,125,719,725,725,1000,1000,1000,1000,1000,1000,1000,1000,1000,1000,1000,1000,1000,1000,0,0,0,0,0,0,0,0,0,0,0,0,0,0,0,1681471915
3938751,3939819,3930664,3952941,3600000,3600000,3600000,3600000,3600000,3600000,3600000,3927459,3939361,3943481,508,715,723,721,718,125,125,125,125,125,125,125,719,725,725,1000,1000,1000,1000,1000,1000,1000,1000,1000,1000,1000,1000,1000,1000,0,0,0,0,0,0,0,0,0,0,0,0,0,0,0,1681471916
3937988,3938903,3930053,3952178,3600000,3600000,3600000,3600000,3600000,3600000,3600000,3926696,3939361,3942871,512,715,723,721,718,125,125,125,125,125,125,125,719,725,725,1000,1000,1000,1000,1000,1000,1000,1000,1000,1000,1000,1000,1000,1000,0,0,0,0,0,0,0,0,0,0,0,0,0,0,0,1681471917
3937225,3938140,3930206,3952941,3600000,3600000,3600000,3600000,3600000,3600000,3600000,3926086,3938903,3942413,516,715,723,721,718,125,125,125,125,125,125,125,719,725,725,1000,1000,1000,1000,1000,1000,1000,1000,1000,1000,1000,1000,1000,1000,0,0,0,0,0,0,0,0,0,0,0,0,0,0,0,1681471918
3937377,3938293,3929290,3952026,3600000,3600000,3600000,3600000,3600000,3600000,3600000,3926086,3938751,3942413,513,715,723,721,718,125,125,125,125,125,125,125,719,725,725,1000,1000,1000,1000,1000,1000,1000,1000,1000,1000,1000,1000,1000,1000,0,0,0,0,0,0,0,0,0,0,0,0,0,0,0,1681471919
3937683,3938598,3929901,3952484,3600000,3600000,3600000,3600000,3600000,3600000,3600000,3926086,3938903,3942718,512,715,723,721,718,125,125,125,125,125,125,125,719,725,725,1000,1000,1000,1000,1000,1000,1000,1000,1000,1000,1000,1000,1000,1000,0,0,0,0,0,0,0,0,0,0,0,0,0,0,0,1681471920
3937377,3938751,3930053,3952178,3600000,3600000,3600000,3600000,3600000,3600000,3600000,3925628,3939819,3942565,512,715,723,721,718,125,125,125,125,125,125,125,719,725,725,1000,1000,1000,1000,1000,1000,1000,1000,1000,1000,1000,1000,1000,1000,0,0,0,0,0,0,0,0,0,0,0,0,0,0,0,1681471921
3937835,3937988,3930358,3952331,3600000,3600000,3600000,3600000,3600000,3600000,3600000,3925933,3938751,3942718,514,715,723,721,718,125,125,125,125,125,125,125,719,725,725,1000,1000,1000,1000,1000,1000,1000,1000,1000,1000,1000,1000,1000,1000,0,0,0,0,0,0,0,0,0,0,0,0,0,0,0,1681471922
3938140,3938903,3930358,3952789,3600000,3600000,3600000,3600000,3600000,3600000,3600000,3925781,3939361,3942871,508,715,723,721,718,125,125,125,125,125,125,125,719,725,725,1000,1000,1000,1000,1000,1000,1000,1000,1000,1000,1000,1000,1000,1000,0,0,0,0,0,0,0,0,0,0,0,0,0,0,0,1681471923
3938293,3938751,3930816,3952636,3600000,3600000,3600000,3600000,3600000,3600000,3600000,3927001,3938903,3942871,509,715,723,721,718,125,125,125,125,125,125,125,719,725,725,1000,1000,1000,1000,1000,1000,1000,1000,1000,1000,1000,1000,1000,1000,0,0,0,0,0,0,0,0,0,0,0,0,0,0,0,1681471924
3937072,3938751,3930358,3953094,3600000,3600000,3600000,3600000,3600000,3600000,3600000,3925933,3938751,3941955,514,715,723,721,718,125,125,125,125,125,125,125,719,725,725,1000,1000,1000,1000,1000,1000,1000,1000,1000,1000,1000,1000,1000,1000,0,0,0,0,0,0,0,0,0,0,0,0,0,0,0,1681471925
3937835,3938446,3929901,3951721,3600000,3600000,3600000,3600000,3600000,3600000,3600000,3925933,3939514,3942718,514,715,723,721,718,125,125,125,125,125,125,125,719,725,725,1000,1000,1000,1000,1000,1000,1000,1000,1000,1000,1000,1000,1000,1000,0,0,0,0,0,0,0,0,0,0,0,0,0,0,0,1681471926
3937683,3937988,3928985,3952026,3600000,3600000,3600000,3600000,3600000,3600000,3600000,3926086,3939056,3942260,512,715,723,721,718,125,125,125,125,125,125,125,719,725,725,1000,1000,1000,1000,1000,1000,1000,1000,1000,1000,1000,1000,1000,1000,0,0,0,0,0,0,0,0,0,0,0,0,0,0,0,1681471927
3937225,3938446,3930053,3952789,3600000,3600000,3600000,3600000,3600000,3600000,3600000,3925933,3939361,3942718,512,715,723,721,718,125,125,125,125,125,125,125,719,725,725,1000,1000,1000,1000,1000,1000,1000,1000,1000,1000,1000,1000,1000,1000,0,0,0,0,0,0,0,0,0,0,0,0,0,0,0,1681471928
3937530,3937988,3929443,3952026,3600000,3600000,3600000,3600000,3600000,3600000,3600000,3925476,3938598,3942108,515,715,723,721,718,125,125,125,125,125,125,125,719,725,725,1000,1000,1000,1000,1000,1000,1000,1000,1000,1000,1000,1000,1000,1000,0,0,0,0,0,0,0,0,0,0,0,0,0,0,0,1681471929
3937377,3938293,3930206,3952484,3600000,3600000,3600000,3600000,3600000,3600000,3600000,3926239,3938903,3942108,511,715,723,721,718,125,125,125,125,125,125,125,719,725,725,1000,1000,1000,1000,1000,1000,1000,1000,1000,1000,1000,1000,1000,1000,0,0,0,0,0,0,0,0,0,0,0,0,0,0,0,1681471930
3937377,3938140,3929290,3952178,3600000,3600000,3600000,3600000,3600000,3600000,3600000,3926086,3938903,3942108,512,714,722,720,717,124,124,124,124,124,124,124,718,724,724,1000,1000,1000,1000,1000,1000,1000,1000,1000,1000,1000,1000,1000,1000,0,0,0,0,0,0,0,0,0,0,0,0,0,0,0,1681471931
3937835,3938140,3929443,3952026,3600000,3600000,3600000,3600000,3600000,3600000,3600000,3926086,3938903,3942718,512,714,722,720,717,124,124,124,124,124,124,124,718,724,724,1000,1000,1000,1000,1000,1000,1000,1000,1000,1000,1000,1000,1000,1000,0,0,0,0,0,0,0,0,0,0,0,0,0,0,0,1681471932
3936767,3937530,3928985,3951873,3600000,3600000,3600000,3600000,3600000,3600000,3600000,3925170,3938140,3942108,515,714,722,720,717,124,124,124,124,124,124,124,718,724,724,1000,1000,1000,1000,1000,1000,1000,1000,1000,1000,1000,1000,1000,1000,0,0,0,0,0,0,0,0,0,0,0,0,0,0,0,1681471933
3936920,3937988,3928833,3950805,3600000,3600000,3600000,3600000,3600000,3600000,3600000,3925781,3937988,3942108,516,714,722,720,717,124,124,124,124,124,124,124,718,724,724,1000,1000,1000,1000,1000,1000,1000,1000,1000,1000,1000,1000,1000,1000,0,0,0,0,0,0,0,0,0,0,0,0,0,0,0,1681471934
3936920,3937377,3928985,3951873,3600000,3600000,3600000,3600000,3600000,3600000,3600000,3925628,3938140,3942260,513,714,722,720,717,124,124,124,124,124,124,124,718,724,724,1000,1000,1000,1000,1000,1000,1000,1000,1000,1000,1000,1000,1000,1000,0,0,0,0,0,0,0,0,0,0,0,0,0,0,0,1681471935
3936462,3937377,3929138,3951873,3600000,3600000,3600000,3600000,3600000,3600000,3600000,3925628,3938293,3942108,516,714,722,720,717,124,124,124,124,124,124,124,718,724,724,1000,1000,1000,1000,1000,1000,1000,1000,1000,1000,1000,1000,1000,1000,0,0,0,0,0,0,0,0,0,0,0,0,0,0,0,1681471936
3937072,3937530,3929138,3951721,3600000,3600000,3600000,3600000,3600000,3600000,3600000,3926086,3938293,3942108,513,714,722,720,717,124,124,124,124,124,124,124,718,724,724,1000,1000,1000,1000,1000,1000,1000,1000,1000,1000,1000,1000,1000,1000,0,0,0,0,0,0,0,0,0,0,0,0,0,0,0,1681471937
3937072,3937988,3929748,3952026,3600000,3600000,3600000,3600000,3600000,3600000,3600000,3925476,3938598,3942108,510,714,722,720,717,124,124,124,124,124,124,124,718,724,724,1000,1000,1000,1000,1000,1000,1000,1000,1000,1000,1000,1000,1000,1000,0,0,0,0,0,0,0,0,0,0,0,0,0,0,0,1681471938
3936767,3937530,3929290,3951568,3600000,3600000,3600000,3600000,3600000,3600000,3600000,3924865,3937835,3941650,515,714,722,720,717,124,124,124,124,124,124,124,718,724,724,1000,1000,1000,1000,1000,1000,1000,1000,1000,1000,1000,1000,1000,1000,0,0,0,0,0,0,0,0,0,0,0,0,0,0,0,1681471939
3936767,3937377,3928680,3951110,3600000,3600000,3600000,3600000,3600000,3600000,3600000,3924713,3937530,3941497,516,714,722,720,717,124,124,124,124,124,124,124,718,724,724,1000,1000,1000,1000,1000,1000,1000,1000,1000,1000,1000,1000,1000,1000,0,0,0,0,0,0,0,0,0,0,0,0,0,0,0,1681471940
3936920,3937683,3929595,3951721,3600000,3600000,3600000,3600000,3600000,3600000,3600000,3925476,3937530,3941650,511,714,722,720,717,124,124,124,124,124,124,124,718,724,724,1000,1000,1000,1000,1000,1000,1000,1000,1000,1000,1000,1000,1000,1000,0,0,0,0,0,0,0,0,0,0,0,0,0,0,0,1681471941
3936462,3937988,3929290,3951416,3600000,3600000,3600000,3600000,3600000,3600000,3600000,3925018,3938140,3942108,512,714,722,720,717,124,124,124,124,124,124,124,718,724,724,1000,1000,1000,1000,1000,1000,1000,1000,1000,1000,1000,1000,1000,1000,0,0,0,0,0,0,0,0,0,0,0,0,0,0,0,1681471942
3936004,3936614,3928527,3951416,3600000,3600000,3600000,3600000,3600000,3600000,3600000,3924865,3937225,3941040,517,714,722,720,717,124,124,124,124,124,124,124,718,724,724,1000,1000,1000,1000,1000,1000,1000,1000,1000,1000,1000,1000,1000,1000,0,0,0,0,0,0,0,0,0,0,0,0,0,0,0,1681471943
3936157,3936614,3927764,3950653,3600000,3600000,3600000,3600000,3600000,3600000,3600000,3924713,3937530,3941040,518,714,722,720,717,124,124,124,124,124,124,124,718,724,724,1000,1000,1000,1000,1000,1000,1000,1000,1000,1000,1000,1000,1000,1000,0,0,0,0,0,0,0,0,0,0,0,0,0,0,0,1681471944
3936462,3936767,3927917,3951110,3600000,3600000,3600000,3600000,3600000,3600000,3600000,3924560,3937683,3941192,515,714,722,720,717,124,124,124,124,124,124,124,718,724,724,1000,1000,1000,1000,1000,1000,1000,1000,1000,1000,1000,1000,1000,1000,0,0,0,0,0,0,0,0,0,0,0,0,0,0,0,1681471945
3937072,3937683,3929290,3951721,3600000,3600000,3600000,3600000,3600000,3600000,3600000,3925781,3938293,3942260,511,714,722,720,717,124,124,124,124,124,124,124,718,724,724,1000,1000,1000,1000,1000,1000,1000,1000,1000,1000,1000,1000,1000,1000,0,0,0,0,0,0,0,0,0,0,0,0,0,0,0,1681471946
3935394,3937072,3928375,3950805,3600000,3600000,3600000,3600000,3600000,3600000,3600000,3924407,3937530,3942108,516,714,722,720,717,124,124,124,124,124,124,124,718,724,724,1000,1000,1000,1000,1000,1000,1000,1000,1000,1000,1000,1000,1000,1000,0,0,0,0,0,0,0,0,0,0,0,0,0,0,0,1681471947
3936157,3936920,3928833,3951568,3600000,3600000,3600000,3600000,3600000,3600000,3600000,3924713,3937072,3941192,515,714,722,720,717,124,124,124,124,124,124,124,718,724,724,1000,1000,1000,1000,1000,1000,1000,1000,1000,1000,1000,1000,1000,1000,0,0,0,0,0,0,0,0,0,0,0,0,0,0,0,1681471948
3936157,3937377,3928985,3950958,3600000,3600000,3600000,3600000,3600000,3600000,3600000,3924560,3937683,3942108,511,714,722,720,717,124,124,124,124,124,124,124,718,724,724,1000,1000,1000,1000,1000,1000,1000,1000,1000,1000,1000,1000,1000,1000,0,0,0,0,0,0,0,0,0,0,0,0,0,0,0,1681471949
3936157,3936462,3928222,3951263,3600000,3600000,3600000,3600000,3600000,3600000,3600000,3924713,3937988,3941497,516,714,722,720,717,124,124,124,124,124,124,124,718,724,724,1000,1000,1000,1000,1000,1000,1000,1000,1000,1000,1000,1000,1000,1000,0,0,0,0,0,0,0,0,0,0,0,0,0,0,0,1681471950
3936157,3936614,3927917,3951263,3600000,3600000,3600000,3600000,3600000,3600000,3600000,3924407,3937683,3941497,516,713,721,719,716,123,123,123,123,123,123,123,717,723,723,1000,1000,1000,1000,1000,1000,1000,1000,1000,1000,1000,1000,1000,1000,0,0,0,0,0,0,0,0,0,0,0,0,0,0,0,1681471951
3936309,3936920,3928527,3951416,3600000,3600000,3600000,3600000,3600000,3600000,3600000,3924865,3936767,3941040,515,713,721,719,716,123,123,123,123,123,123,123,717,723,723,1000,1000,1000,1000,1000,1000,1000,1000,1000,1000,1000,1000,1000,1000,0,0,0,0,0,0,0,0,0,0,0,0,0,0,0,1681471952
3936004,3937225,3927917,3950500,3600000,3600000,3600000,3600000,3600000,3600000,3600000,3924560,3937225,3940734,514,713,721,719,716,123,123,123,123,123,123,123,717,723,723,1000,1000,1000,1000,1000,1000,1000,1000,1000,1000,1000,1000,1000,1000,0,0,0,0,0,0,0,0,0,0,0,0,0,0,0,1681471953
3936157,3937530,3927917,3950347,3600000,3600000,3600000,3600000,3600000,3600000,3600000,3925170,3937072,3941345,514,713,721,719,716,123,123,123,123,123,123,123,717,723,723,1000,1000,1000,1000,1000,1000,1000,1000,1000,1000,1000,1000,1000,1000,0,0,0,0,0,0,0,0,0,0,0,0,0,0,0,1681471954
3935852,3936614,3927459,3950042,3600000,3600000,3600000,3600000,3600000,3600000,3600000,3924255,3936767,3940582,516,713,721,719,716,123,123,123,123,123,123,123,717,723,723,1000,1000,1000,1000,1000,1000,1000,1000,1000,1000,1000,1000,1000,1000,0,0,0,0,0,0,0,0,0,0,0,0,0,0,0,1681471955
3935699,3937072,3927917,3950958,3600000,3600000,3600000,3600000,3600000,3600000,3600000,3924713,3936920,3940582,515,713,721,719,716,123,123,123,123,123,123,123,717,723,723,1000,1000,1000,1000,1000,1000,1000,1000,1000,1000,1000,1000,1000,1000,0,0,0,0,0,0,0,0,0,0,0,0,0,0,0,1681471956
3935241,3936309,3928375,3950500,3600000,3600000,3600000,3600000,3600000,3600000,3600000,3924407,3937683,3941192,514,713,721,719,716,123,123,123,123,123,123,123,717,723,723,1000,1000,1000,1000,1000,1000,1000,1000,1000,1000,1000,1000,1000,1000,0,0,0,0,0,0,0,0,0,0,0,0,0,0,0,1681471957
3935394,3936920,3928375,3950500,3600000,3600000,3600000,3600000,3600000,3600000,3600000,3924713,3937530,3941497,512,713,721,719,716,123,123,123,123,123,123,123,717,723,723,1000,1000,1000,1000,1000,1000,1000,1000,1000,1000,1000,1000,1000,1000,0,0,0,0,0,0,0,0,0,0,0,0,0,0,0,1681471958
3935699,3937225,3928222,3950805,3600000,3600000,3600000,3600000,3600000,3600000,3600000,3924713,3937072,3940429,511,713,721,719,716,123,123,123,123,123,123,123,717,723,723,1000,1000,1000,1000,1000,1000,1000,1000,1000,1000,1000,1000,1000,1000,0,0,0,0,0,0,0,0,0,0,0,0,0,0,0,1681471959
3936309,3937683,3927612,3950195,3600000,3600000,3600000,3600000,3600000,3600000,3600000,3924713,3937530,3941192,511,713,721,719,716,123,123,123,123,123,123,123,717,723,723,1000,1000,1000,1000,1000,1000,1000,1000,1000,1000,1000,1000,1000,1000,0,0,0,0,0,0,0,0,0,0,0,0,0,0,0,1681471960
3936309,3935852,3927764,3950500,3600000,3600000,3600000,3600000,3600000,3600000,3600000,3924407,3936920,3940734,512,713,721,719,716,123,123,123,123,123,123,123,717,723,723,1000,1000,1000,1000,1000,1000,1000,1000,1000,1000,1000,1000,1000,1000,0,0,0,0,0,0,0,0,0,0,0,0,0,0,0,1681471961
3935699,3936462,3927917,3950195,3600000,3600000,3600000,3600000,3600000,3600000,3600000,3923950,3936920,3940734,515,713,721,719,716,123,123,123,123,123,123,123,717,723,723,1000,1000,1000,1000,1000,1000,1000,1000,1000,1000,1000,1000,1000,1000,0,0,0,0,0,0,0,0,0,0,0,0,0,0,0,1681471962
3935089,3936157,3928375,3950347,3600000,3600000,3600000,3600000,3600000,3600000,3600000,3924255,3936920,3940277,514,713,721,719,716,123,123,123,123,123,123,123,717,723,723,1000,1000,1000,1000,1000,1000,1000,1000,1000,1000,1000,1000,1000,1000,0,0,0,0,0,0,0,0,0,0,0,0,0,0,0,1681471963
3935852,3936157,3927764,3950500,3600000,3600000,3600000,3600000,3600000,3600000,3600000,3924102,3937530,3941650,511,713,721,719,716,123,123,123,123,123,123,123,717,723,723,1000,1000,1000,1000,1000,1000,1000,1000,1000,1000,1000,1000,1000,1000,0,0,0,0,0,0,0,0,0,0,0,0,0,0,0,1681471964
3935241,3935699,3927154,3949584,3600000,3600000,3600000,3600000,3600000,3600000,3600000,3924713,3937225,3941192,516,713,721,719,716,123,123,123,123,123,123,123,717,723,723,1000,1000,1000,1000,1000,1000,1000,1000,1000,1000,1000,1000,1000,1000,0,0,0,0,0,0,0,0,0,0,0,0,0,0,0,1681471965
3934936,3935546,3927459,3949890,3600000,3600000,3600000,3600000,3600000,3600000,3600000,3923492,3937225,3940124,517,713,721,719,716,123,123,123,123,123,123,123,717,723,723,1000,1000,1000,1000,1000,1000,1000,1000,1000,1000,1000,1000,1000,1000,0,0,0,0,0,0,0,0,0,0,0,0,0,0,0,1681471966
3935852,3936767,3927307,3950042,3600000,3600000,3600000,3600000,3600000,3600000,3600000,3923645,3936462,3940582,517,713,721,719,716,123,123,123,123,123,123,123,717,723,723,1000,1000,1000,1000,1000,1000,1000,1000,1000,1000,1000,1000,1000,1000,0,0,0,0,0,0,0,0,0,0,0,0,0,0,0,1681471967
3935089,3936157,3927612,3949737,3600000,3600000,3600000,3600000,3600000,3600000,3600000,3924865,3937072,3940734,513,713,721,719,716,123,123,123,123,123,123,123,717,723,723,1000,1000,1000,1000,1000,1000,1000,1000,1000,1000,1000,1000,1000,1000,0,0,0,0,0,0,0,0,0,0,0,0,0,0,0,1681471968
3935546,3936309,3927459,3950195,3600000,3600000,3600000,3600000,3600000,3600000,3600000,3924255,3937072,3940277,512,713,721,719,716,123,123,123,123,123,123,123,717,723,723,1000,1000,1000,1000,1000,1000,1000,1000,1000,1000,1000,1000,1000,1000,0,0,0,0,0,0,0,0,0,0,0,0,0,0,0,1681471969
3934783,3936004,3926696,3949890,3600000,3600000,3600000,3600000,3600000,3600000,3600000,3924102,3936462,3940429,516,713,721,719,716,123,123,123,123,123,123,123,717,723,723,1000,1000,1000,1000,1000,1000,1000,1000,1000,1000,1000,1000,1000,1000,0,0,0,0,0,0,0,0,0,0,0,0,0,0,0,1681471970
3935089,3935699,3927154,3950195,3600000,3600000,3600000,3600000,3600000,3600000,3600000,3923797,3936462,3940582,514,712,720,718,715,122,122,122,122,122,122,122,716,722,722,1000,1000,1000,1000,1000,1000,1000,1000,1000,1000,1000,1000,1000,1000,0,0,0,0,0,0,0,0,0,0,0,0,0,0,0,1681471971
3934936,3935394,3927001,3950195,3600000,3600000,3600000,3600000,3600000,3600000,3600000,3923645,3936157,3940277,514,712,720,718,715,122,122,122,122,122,122,122,716,722,722,1000,1000,1000,1000,1000,1000,1000,1000,1000,1000,1000,1000,1000,1000,0,0,0,0,0,0,0,0,0,0,0,0,0,0,0,1681471972
3934478,3935699,3927459,3949890,3600000,3600000,3600000,3600000,3600000,3600000,3600000,3923797,3936004,3939514,515,712,720,718,715,122,122,122,122,122,122,122,716,722,722,1000,1000,1000,1000,1000,1000,1000,1000,1000,1000,1000,1000,1000,1000,0,0,0,0,0,0,0,0,0,0,0,0,0,0,0,1681471973
3935089,3935852,3927459,3949890,3600000,3600000,3600000,3600000,3600000,3600000,3600000,3923187,3936614,3939971,516,712,720,718,715,122,122,122,122,122,122,122,716,722,722,1000,1000,1000,1000,1000,1000,1000,1000,1000,1000,1000,1000,1000,1000,0,0,0,0,0,0,0,0,0,0,0,0,0,0,0,1681471974
3934478,3936157,3927612,3949737,3600000,3600000,3600000,3600000,3600000,3600000,3600000,3923492,3935394,3939208,514,712,720,718,715,122,122,122,122,122,122,122,716,722,722,1000,1000,1000,1000,1000,1000,1000,1000,1000,1000,1000,1000,1000,1000,0,0,0,0,0,0,0,0,0,0,0,0,0,0,0,1681471975
3935394,3936462,3926849,3949432,3600000,3600000,3600000,3600000,3600000,3600000,3600000,3923339,3936920,3940277,513,712,720,718,715,122,122,122,122,122,122,122,716,722,722,1000,1000,1000,1000,1000,1000,1000,1000,1000,1000,1000,1000,1000,1000,0,0,0,0,0,0,0,0,0,0,0,0,0,0,0,1681471976
3934783,3936004,3927001,3949432,3600000,3600000,3600000,3600000,3600000,3600000,3600000,3923797,3935699,3939666,512,712,720,718,715,122,122,122,122,122,122,122,716,722,722,1000,1000,1000,1000,1000,1000,1000,1000,1000,1000,1000,1000,1000,1000,0,0,0,0,0,0,0,0,0,0,0,0,0,0,0,1681471977
3935852,3936767,3927154,3949890,3600000,3600000,3600000,3600000,3600000,3600000,3600000,3923950,3936614,3940429,510,712,720,718,715,122,122,122,122,122,122,122,716,722,722,1000,1000,1000,1000,1000,1000,1000,1000,1000,1000,1000,1000,1000,1000,0,0,0,0,0,0,0,0,0,0,0,0,0,0,0,1681471978
3934783,3935852,3927307,3949737,3600000,3600000,3600000,3600000,3600000,3600000,3600000,3924102,3936004,3940124,513,712,720,718,715,122,122,122,122,122,122,122,716,722,722,1000,1000,1000,1000,1000,1000,1000,1000,1000,1000,1000,1000,1000,1000,0,0,0,0,0,0,0,0,0,0,0,0,0,0,0,1681471979
3935546,3936920,3927307,3948364,3600000,3600000,3600000,3600000,3600000,3600000,3600000,3923492,3936309,3940124,511,712,720,718,715,122,122,122,122,122,122,122,716,722,722,1000,1000,1000,1000,1000,1000,1000,1000,1000,1000,1000,1000,1000,1000,0,0,0,0,0,0,0,0,0,0,0,0,0,0,0,1681471980
3934326,3935089,3926849,3949127,3600000,3600000,3600000,3600000,3600000,3600000,3600000,3923187,3935699,3939971,513,712,720,718,715,122,122,122,122,122,122,122,716,722,722,1000,1000,1000,1000,1000,1000,1000,1000,1000,1000,1000,1000,1000,1000,0,0,0,0,0,0,0,0,0,0,0,0,0,0,0,1681471981
3934631,3935394,3927001,3949127,3600000,3600000,3600000,3600000,3600000,3600000,3600000,3922576,3934936,3938903,517,712,720,718,715,122,122,122,122,122,122,122,716,722,722,1000,1000,1000,1000,1000,1000,1000,1000,1000,1000,1000,1000,1000,1000,0,0,0,0,0,0,0,0,0,0,0,0,0,0,0,1681471982
3934478,3935699,3927001,3950195,3600000,3600000,3600000,3600000,3600000,3600000,3600000,3922424,3936309,3940277,514,712,720,718,715,122,122,122,122,122,122,122,716,722,722,1000,1000,1000,1000,1000,1000,1000,1000,1000,1000,1000,1000,1000,1000,0,0,0,0,0,0,0,0,0,0,0,0,0,0,0,1681471983
3934783,3935394,3926849,3948974,3600000,3600000,3600000,3600000,3600000,3600000,3600000,3921813,3935546,3939361,513,712,720,718,715,122,122,122,122,122,122,122,716,722,722,1000,1000,1000,1000,1000,1000,1000,1000,1000,1000,1000,1000,1000,1000,0,0,0,0,0,0,0,0,0,0,0,0,0,0,0,1681471984
3934631,3935546,3926849,3949279,3600000,3600000,3600000,3600000,3600000,3600000,3600000,3922271,3935546,3939666,514,712,720,718,715,122,122,122,122,122,122,122,716,722,722,1000,1000,1000,1000,1000,1000,1000,1000,1000,1000,1000,1000,1000,1000,0,0,0,0,0,0,0,0,0,0,0,0,0,0,0,1681471985
3934326,3935241,3927001,3949432,3600000,3600000,3600000,3600000,3600000,3600000,3600000,3922882,3935546,3939514,516,712,720,718,715,122,122,122,122,122,122,122,716,722,722,1000,1000,1000,1000,1000,1000,1000,1000,1000,1000,1000,1000,1000,1000,0,0,0,0,0,0,0,0,0,0,0,0,0,0,0,1681471987
3934783,3935241,3925781,3948974,3600000,3600000,3600000,3600000,3600000,3600000,3600000,3922271,3934631,3939361,516,712,720,718,715,122,122,122,122,122,122,122,716,722,722,1000,1000,1000,1000,1000,1000,1000,1000,1000,1000,1000,1000,1000,1000,0,0,0,0,0,0,0,0,0,0,0,0,0,0,0,1681471988
3933868,3934631,3926239,3948669,3600000,3600000,3600000,3600000,3600000,3600000,3600000,3922271,3935699,3939666,515,712,720,718,715,122,122,122,122,122,122,122,716,722,722,1000,1000,1000,1000,1000,1000,1000,1000,1000,1000,1000,1000,1000,1000,0,0,0,0,0,0,0,0,0,0,0,0,0,0,0,1681471988
3933410,3934783,3926544,3948364,3600000,3600000,3600000,3600000,3600000,3600000,3600000,3922576,3934936,3939056,516,712,720,718,715,122,122,122,122,122,122,122,716,722,722,1000,1000,1000,1000,1000,1000,1000,1000,1000,1000,1000,1000,1000,1000,0,0,0,0,0,0,0,0,0,0,0,0,0,0,0,1681471989
3934326,3934936,3927001,3949279,3600000,3600000,3600000,3600000,3600000,3600000,3600000,3922424,3935089,3939208,516,712,720,718,715,122,122,122,122,122,122,122,716,722,722,1000,1000,1000,1000,1000,1000,1000,1000,1000,1000,1000,1000,1000,1000,0,0,0,0,0,0,0,0,0,0,0,0,0,0,0,1681471990
3933410,3934783,3925933,3948669,3600000,3600000,3600000,3600000,3600000,3600000,3600000,3922424,3935546,3939666,519,711,719,717,714,121,121,121,121,121,121,121,715,721,721,1000,1000,1000,1000,1000,1000,1000,1000,1000,1000,1000,1000,1000,1000,0,0,0,0,0,0,0,0,0,0,0,0,0,0,0,1681471991
3934020,3934936,3926849,3948974,3600000,3600000,3600000,3600000,3600000,3600000,3600000,3922119,3935546,3939514,515,711,719,717,714,121,121,121,121,121,121,121,715,721,721,1000,1000,1000,1000,1000,1000,1000,1000,1000,1000,1000,1000,1000,1000,0,0,0,0,0,0,0,0,0,0,0,0,0,0,0,1681471992
3933868,3934478,3926696,3949584,3600000,3600000,3600000,3600000,3600000,3600000,3600000,3921966,3935089,3938751,515,711,719,717,714,121,121,121,121,121,121,121,715,721,721,1000,1000,1000,1000,1000,1000,1000,1000,1000,1000,1000,1000,1000,1000,0,0,0,0,0,0,0,0,0,0,0,0,0,0,0,1681471993
3933868,3935241,3926086,3948211,3600000,3600000,3600000,3600000,3600000,3600000,3600000,3922576,3935699,3939666,515,711,719,717,714,121,121,121,121,121,121,121,715,721,721,1000,1000,1000,1000,1000,1000,1000,1000,1000,1000,1000,1000,1000,1000,0,0,0,0,0,0,0,0,0,0,0,0,0,0,0,1681471994
3933563,3935089,3926696,3949127,3600000,3600000,3600000,3600000,3600000,3600000,3600000,3922424,3934631,3938903,513,711,719,717,714,121,121,121,121,121,121,121,715,721,721,1000,1000,1000,1000,1000,1000,1000,1000,1000,1000,1000,1000,1000,1000,0,0,0,0,0,0,0,0,0,0,0,0,0,0,0,1681471995
3933868,3934936,3925933,3947753,3600000,3600000,3600000,3600000,3600000,3600000,3600000,3922424,3934783,3938751,516,711,719,717,714,121,121,121,121,121,121,121,715,721,721,1000,1000,1000,1000,1000,1000,1000,1000,1000,1000,1000,1000,1000,1000,0,0,0,0,0,0,0,0,0,0,0,0,0,0,0,1681471996
3934020,3934631,3926696,3948669,3600000,3600000,3600000,3600000,3600000,3600000,3600000,3922271,3934783,3938903,514,711,719,717,714,121,121,121,121,121,121,121,715,721,721,1000,1000,1000,1000,1000,1000,1000,1000,1000,1000,1000,1000,1000,1000,0,0,0,0,0,0,0,0,0,0,0,0,0,0,0,1681471997
3934020,3934783,3925781,3948974,3600000,3600000,3600000,3600000,3600000,3600000,3600000,3921813,3934478,3937835,515,711,719,717,714,121,121,121,121,121,121,121,715,721,721,1000,1000,1000,1000,1000,1000,1000,1000,1000,1000,1000,1000,1000,1000,0,0,0,0,0,0,0,0,0,0,0,0,0,0,0,1681471999
3933715,3934936,3925323,3948211,3600000,3600000,3600000,3600000,3600000,3600000,3600000,3922882,3935089,3939208,514,711,719,717,714,121,121,121,121,121,121,121,715,721,721,1000,1000,1000,1000,1000,1000,1000,1000,1000,1000,1000,1000,1000,1000,0,0,0,0,0,0,0,0,0,0,0,0,0,0,0,1681472000
3933563,3935241,3926544,3949279,3600000,3600000,3600000,3600000,3600000,3600000,3600000,3923034,3935089,3939208,512,711,719,717,714,121,121,121,121,121,121,121,715,721,721,1000,1000,1000,1000,1000,1000,1000,1000,1000,1000,1000,1000,1000,1000,0,0,0,0,0,0,0,0,0,0,0,0,0,0,0,1681472001
3932952,3934173,3925933,3948059,3600000,3600000,3600000,3600000,3600000,3600000,3600000,3921813,3934783,3939208,516,711,719,717,714,121,121,121,121,121,121,121,715,721,721,1000,1000,1000,1000,1000,1000,1000,1000,1000,1000,1000,1000,1000,1000,0,0,0,0,0,0,0,0,0,0,0,0,0,0,0,1681472001
3933563,3934326,3925933,3947906,3600000,3600000,3600000,3600000,3600000,3600000,3600000,3922424,3934936,3939056,514,711,719,717,714,121,121,121,121,121,121,121,715,721,721,1000,1000,1000,1000,1000,1000,1000,1000,1000,1000,1000,1000,1000,1000,0,0,0,0,0,0,0,0,0,0,0,0,0,0,0,1681472002
3933410,3934631,3925628,3948211,3600000,3600000,3600000,3600000,3600000,3600000,3600000,3922119,3935699,3939056,513,711,719,717,714,121,121,121,121,121,121,121,715,721,721,1000,1000,1000,1000,1000,1000,1000,1000,1000,1000,1000,1000,1000,1000,0,0,0,0,0,0,0,0,0,0,0,0,0,0,0,1681472003
3933715,3934020,3926239,3948211,3600000,3600000,3600000,3600000,3600000,3600000,3600000,3922271,3934936,3938598,514,711,719,717,714,121,121,121,121,121,121,121,715,721,721,1000,1000,1000,1000,1000,1000,1000,1000,1000,1000,1000,1000,1000,1000,0,0,0,0,0,0,0,0,0,0,0,0,0,0,0,1681472004
3933563,3933563,3925476,3948059,3600000,3600000,3600000,3600000,3600000,3600000,3600000,3921356,3935089,3938751,515,711,719,717,714,121,121,121,121,121,121,121,715,721,721,1000,1000,1000,1000,1000,1000,1000,1000,1000,1000,1000,1000,1000,1000,0,0,0,0,0,0,0,0,0,0,0,0,0,0,0,1681472005
3933715,3934326,3926239,3948364,3600000,3600000,3600000,3600000,3600000,3600000,3600000,3921508,3935241,3938903,512,711,719,717,714,121,121,121,121,121,121,121,715,721,721,1000,1000,1000,1000,1000,1000,1000,1000,1000,1000,1000,1000,1000,1000,0,0,0,0,0,0,0,0,0,0,0,0,0,0,0,1681472006
3933410,3934326,3925476,3947906,3600000,3600000,3600000,3600000,3600000,3600000,3600000,3922119,3934783,3938446,515,711,719,717,714,121,121,121,121,121,121,121,715,721,721,1000,1000,1000,1000,1000,1000,1000,1000,1000,1000,1000,1000,1000,1000,0,0,0,0,0,0,0,0,0,0,0,0,0,0,0,1681472007
3933258,3934631,3925628,3948669,3600000,3600000,3600000,3600000,3600000,3600000,3600000,3921813,3934478,3938598,513,711,719,717,714,121,121,121,121,121,121,121,715,721,721,1000,1000,1000,1000,1000,1000,1000,1000,1000,1000,1000,1000,1000,1000,0,0,0,0,0,0,0,0,0,0,0,0,0,0,0,1681472008
3933563,3934326,3925323,3947601,3600000,3600000,3600000,3600000,3600000,3600000,3600000,3922576,3935241,3939056,514,711,719,717,714,121,121,121,121,121,121,121,715,721,721,1000,1000,1000,1000,1000,1000,1000,1000,1000,1000,1000,1000,1000,1000,0,0,0,0,0,0,0,0,0,0,0,0,0,0,0,1681472009
3932647,3934173,3925170,3948211,3600000,3600000,3600000,3600000,3600000,3600000,3600000,3921966,3934326,3938140,516,711,719,717,714,121,121,121,121,121,121,121,715,721,721,1000,1000,1000,1000,1000,1000,1000,1000,1000,1000,1000,1000,1000,1000,0,0,0,0,0,0,0,0,0,0,0,0,0,0,0,1681472011
3933105,3934020,3926086,3948364,3600000,3600000,3600000,3600000,3600000,3600000,3600000,3921661,3934478,3938751,514,710,718,716,713,120,120,120,120,120,120,120,714,720,720,1000,1000,1000,1000,1000,1000,1000,1000,1000,1000,1000,1000,1000,1000,0,0,0,0,0,0,0,0,0,0,0,0,0,0,0,1681472012
3933868,3934631,3925933,3948364,3600000,3600000,3600000,3600000,3600000,3600000,3600000,3922729,3934783,3938293,511,710,718,716,713,120,120,120,120,120,120,120,714,720,720,1000,1000,1000,1000,1000,1000,1000,1000,1000,1000,1000,1000,1000,1000,0,0,0,0,0,0,0,0,0,0,0,0,0,0,0,1681472013
3933258,3934020,3926239,3948211,3600000,3600000,3600000,3600000,3600000,3600000,3600000,3921813,3934173,3937988,511,710,718,716,713,120,120,120,120,120,120,120,714,720,720,1000,1000,1000,1000,1000,1000,1000,1000,1000,1000,1000,1000,1000,1000,0,0,0,0,0,0,0,0,0,0,0,0,0,0,0,1681472014
3933258,3934020,3925933,3948364,3600000,3600000,3600000,3600000,3600000,3600000,3600000,3921661,3934631,3938293,514,710,718,716,713,120,120,120,120,120,120,120,714,720,720,1000,1000,1000,1000,1000,1000,1000,1000,1000,1000,1000,1000,1000,1000,0,0,0,0,0,0,0,0,0,0,0,0,0,0,0,1681472014
3933563,3934020,3925018,3947448,3600000,3600000,3600000,3600000,3600000,3600000,3600000,3921661,3934326,3937835,513,710,718,716,713,120,120,120,120,120,120,120,714,720,720,1000,1000,1000,1000,1000,1000,1000,1000,1000,1000,1000,1000,1000,1000,0,0,0,0,0,0,0,0,0,0,0,0,0,0,0,1681472015
3932495,3933563,3924865,3947296,3600000,3600000,3600000,3600000,3600000,3600000,3600000,3921356,3934326,3937988,515,710,718,716,713,120,120,120,120,120,120,120,714,720,720,1000,1000,1000,1000,1000,1000,1000,1000,1000,1000,1000,1000,1000,1000,0,0,0,0,0,0,0,0,0,0,0,0,0,0,0,1681472016
3932800,3933715,3925781,3947906,3600000,3600000,3600000,3600000,3600000,3600000,3600000,3921356,3934173,3937835,514,710,718,716,713,120,120,120,120,120,120,120,714,720,720,1000,1000,1000,1000,1000,1000,1000,1000,1000,1000,1000,1000,1000,1000,0,0,0,0,0,0,0,0,0,0,0,0,0,0,0,1681472017
3932952,3933868,3925018,3947601,3600000,3600000,3600000,3600000,3600000,3600000,3600000,3921508,3934020,3937377,515,710,718,716,713,120,120,120,120,120,120,120,714,720,720,1000,1000,1000,1000,1000,1000,1000,1000,1000,1000,1000,1000,1000,1000,0,0,0,0,0,0,0,0,0,0,0,0,0,0,0,1681472018
3933868,3934631,3925628,3947753,3600000,3600000,3600000,3600000,3600000,3600000,3600000,3921966,3934631,3937835,511,710,718,716,713,120,120,120,120,120,120,120,714,720,720,1000,1000,1000,1000,1000,1000,1000,1000,1000,1000,1000,1000,1000,1000,0,0,0,0,0,0,0,0,0,0,0,0,0,0,0,1681472019
3933105,3933563,3924713,3947448,3600000,3600000,3600000,3600000,3600000,3600000,3600000,3921508,3934478,3938140,513,710,718,716,713,120,120,120,120,120,120,120,714,720,720,1000,1000,1000,1000,1000,1000,1000,1000,1000,1000,1000,1000,1000,1000,0,0,0,0,0,0,0,0,0,0,0,0,0,0,0,1681472020
3933258,3934020,3925628,3948211,3600000,3600000,3600000,3600000,3600000,3600000,3600000,3921051,3934326,3938293,512,710,718,716,713,120,120,120,120,120,120,120,714,720,720,1000,1000,1000,1000,1000,1000,1000,1000,1000,1000,1000,1000,1000,1000,0,0,0,0,0,0,0,0,0,0,0,0,0,0,0,1681472021
3932800,3934020,3925323,3948059,3600000,3600000,3600000,3600000,3600000,3600000,3600000,3921661,3934326,3938751,511,710,718,716,713,120,120,120,120,120,120,120,714,720,720,1000,1000,1000,1000,1000,1000,1000,1000,1000,1000,1000,1000,1000,1000,0,0,0,0,0,0,0,0,0,0,0,0,0,0,0,1681472023
3932800,3933868,3926239,3947906,3600000,3600000,3600000,3600000,3600000,3600000,3600000,3921661,3934783,3938903,508,710,718,716,713,120,120,120,120,120,120,120,714,720,720,1000,1000,1000,1000,1000,1000,1000,1000,1000,1000,1000,1000,1000,1000,0,0,0,0,0,0,0,0,0,0,0,0,0,0,0,1681472024
3932647,3934173,3926086,3948211,3600000,3600000,3600000,3600000,3600000,3600000,3600000,3922119,3934173,3937835,509,710,718,716,713,120,120,120,120,120,120,120,714,720,720,1000,1000,1000,1000,1000,1000,1000,1000,1000,1000,1000,1000,1000,1000,0,0,0,0,0,0,0,0,0,0,0,0,0,0,0,1681472025
3933410,3934478,3924255,3946838,3600000,3600000,3600000,3600000,3600000,3600000,3600000,3921051,3934173,3937835,513,710,718,716,713,120,120,120,120,120,120,120,714,720,720,1000,1000,1000,1000,1000,1000,1000,1000,1000,1000,1000,1000,1000,1000,0,0,0,0,0,0,0,0,0,0,0,0,0,0,0,1681472026
3932647,3933868,3925018,3946685,3600000,3600000,3600000,3600000,3600000,3600000,3600000,3921356,3934173,3937377,513,710,718,716,713,120,120,120,120,120,120,120,714,720,720,1000,1000,1000,1000,1000,1000,1000,1000,1000,1000,1000,1000,1000,1000,0,0,0,0,0,0,0,0,0,0,0,0,0,0,0,1681472027
3933105,3934173,3925323,3947753,3600000,3600000,3600000,3600000,3600000,3600000,3600000,3921051,3933715,3937225,512,710,718,716,713,120,120,120,120,120,120,120,714,720,720,1000,1000,1000,1000,1000,1000,1000,1000,1000,1000,1000,1000,1000,1000,0,0,0,0,0,0,0,0,0,0,0,0,0,0,0,1681472028
3932189,3934020,3925170,3947906,3600000,3600000,3600000,3600000,3600000,3600000,3600000,3921661,3934631,3938140,510,710,718,716,713,120,120,120,120,120,120,120,714,720,720,1000,1000,1000,1000,1000,1000,1000,1000,1000,1000,1000,1000,1000,1000,0,0,0,0,0,0,0,0,0,0,0,0,0,0,0,1681472029
3932952,3933868,3924407,3946380,3600000,3600000,3600000,3600000,3600000,3600000,3600000,3921051,3934020,3937988,511,710,718,716,713,120,120,120,120,120,120,120,714,720,720,1000,1000,1000,1000,1000,1000,1000,1000,1000,1000,1000,1000,1000,1000,0,0,0,0,0,0,0,0,0,0,0,0,0,0,0,1681472030
3933258,3934173,3925018,3947448,3600000,3600000,3600000,3600000,3600000,3600000,3600000,3922424,3934173,3937377,511,710,718,716,713,120,120,120,120,120,120,120,714,720,720,1000,1000,1000,1000,1000,1000,1000,1000,1000,1000,1000,1000,1000,1000,0,0,0,0,0,0,0,0,0,0,0,0,0,0,0,1681472031
3932647,3933410,3925170,3947296,3600000,3600000,3600000,3600000,3600000,3600000,3600000,3921356,3934173,3937683,511,709,717,715,712,119,119,119,119,119,119,119,713,719,719,1000,1000,1000,1000,1000,1000,1000,1000,1000,1000,1000,1000,1000,1000,0,0,0,0,0,0,0,0,0,0,0,0,0,0,0,1681472032
3932495,3933563,3924255,3946838,3600000,3600000,3600000,3600000,3600000,3600000,3600000,3921203,3934020,3937377,514,709,717,715,712,119,119,119,119,119,119,119,713,719,719,1000,1000,1000,1000,1000,1000,1000,1000,1000,1000,1000,1000,1000,1000,0,0,0,0,0,0,0,0,0,0,0,0,0,0,0,1681472033
3932800,3933410,3924255,3947296,3600000,3600000,3600000,3600000,3600000,3600000,3600000,3920288,3933563,3938293,513,709,717,715,712,119,119,119,119,119,119,119,713,719,719,1000,1000,1000,1000,1000,1000,1000,1000,1000,1000,1000,1000,1000,1000,0,0,0,0,0,0,0,0,0,0,0,0,0,0,0,1681472034
3932647,3933868,3925018,3947753,3600000,3600000,3600000,3600000,3600000,3600000,3600000,3920898,3933868,3937835,510,709,717,715,712,119,119,119,119,119,119,119,713,719,719,1000,1000,1000,1000,1000,1000,1000,1000,1000,1000,1000,1000,1000,1000,0,0,0,0,0,0,0,0,0,0,0,0,0,0,0,1681472035
3932342,3932952,3924560,3947143,3600000,3600000,3600000,3600000,3600000,3600000,3600000,3920440,3933410,3937225,516,709,717,715,712,119,119,119,119,119,119,119,713,719,719,1000,1000,1000,1000,1000,1000,1000,1000,1000,1000,1000,1000,1000,1000,0,0,0,0,0,0,0,0,0,0,0,0,0,0,0,1681472036
3931732,3932952,3924255,3946685,3600000,3600000,3600000,3600000,3600000,3600000,3600000,3920440,3933258,3937225,514,709,717,715,712,119,119,119,119,119,119,119,713,719,719,1000,1000,1000,1000,1000,1000,1000,1000,1000,1000,1000,1000,1000,1000,0,0,0,0,0,0,0,0,0,0,0,0,0,0,0,1681472037
3932189,3933258,3924865,3947601,3600000,3600000,3600000,3600000,3600000,3600000,3600000,3920440,3933410,3937530,513,709,717,715,712,119,119,119,119,119,119,119,713,719,719,1000,1000,1000,1000,1000,1000,1000,1000,1000,1000,1000,1000,1000,1000,0,0,0,0,0,0,0,0,0,0,0,0,0,0,0,1681472038
3932189,3933410,3923950,3946228,3600000,3600000,3600000,3600000,3600000,3600000,3600000,3920593,3934173,3937988,511,709,717,715,712,119,119,119,119,119,119,119,713,719,719,1000,1000,1000,1000,1000,1000,1000,1000,1000,1000,1000,1000,1000,1000,0,0,0,0,0,0,0,0,0,0,0,0,0,0,0,1681472039
3932342,3933258,3923950,3946228,3600000,3600000,3600000,3600000,3600000,3600000,3600000,3920288,3933868,3937683,515,709,717,715,712,119,119,119,119,119,119,119,713,719,719,1000,1000,1000,1000,1000,1000,1000,1000,1000,1000,1000,1000,1000,1000,0,0,0,0,0,0,0,0,0,0,0,0,0,0,0,1681472040
3932189,3932647,3924255,3946838,3600000,3600000,3600000,3600000,3600000,3600000,3600000,3919982,3933258,3936614,515,709,717,715,712,119,119,119,119,119,119,119,713,719,719,1000,1000,1000,1000,1000,1000,1000,1000,1000,1000,1000,1000,1000,1000,0,0,0,0,0,0,0,0,0,0,0,0,0,0,0,1681472041
3932342,3933105,3923492,3946685,3600000,3600000,3600000,3600000,3600000,3600000,3600000,3920135,3933105,3937225,514,709,717,715,712,119,119,119,119,119,119,119,713,719,719,1000,1000,1000,1000,1000,1000,1000,1000,1000,1000,1000,1000,1000,1000,0,0,0,0,0,0,0,0,0,0,0,0,0,0,0,1681472042
3931884,3932037,3924255,3946685,3600000,3600000,3600000,3600000,3600000,3600000,3600000,3920745,3933105,3936920,514,709,717,715,712,119,119,119,119,119,119,119,713,719,719,1000,1000,1000,1000,1000,1000,1000,1000,1000,1000,1000,1000,1000,1000,0,0,0,0,0,0,0,0,0,0,0,0,0,0,0,1681472043
3931732,3932495,3923797,3946380,3600000,3600000,3600000,3600000,3600000,3600000,3600000,3921051,3932800,3936462,513,709,717,715,712,119,119,119,119,119,119,119,713,719,719,1000,1000,1000,1000,1000,1000,1000,1000,1000,1000,1000,1000,1000,1000,0,0,0,0,0,0,0,0,0,0,0,0,0,0,0,1681472044
3932037,3932647,3923797,3946075,3600000,3600000,3600000,3600000,3600000,3600000,3600000,3920593,3932342,3937225,511,709,717,715,712,119,119,119,119,119,119,119,713,719,719,1000,1000,1000,1000,1000,1000,1000,1000,1000,1000,1000,1000,1000,1000,0,0,0,0,0,0,0,0,0,0,0,0,0,0,0,1681472045
3931274,3933258,3923797,3945770,3600000,3600000,3600000,3600000,3600000,3600000,3600000,3920288,3933105,3936767,512,709,717,715,712,119,119,119,119,119,119,119,713,719,719,1000,1000,1000,1000,1000,1000,1000,1000,1000,1000,1000,1000,1000,1000,0,0,0,0,0,0,0,0,0,0,0,0,0,0,0,1681472046
3931732,3932647,3924102,3946228,3600000,3600000,3600000,3600000,3600000,3600000,3600000,3920288,3932800,3936767,511,709,717,715,712,119,119,119,119,119,119,119,713,719,719,1000,1000,1000,1000,1000,1000,1000,1000,1000,1000,1000,1000,1000,1000,0,0,0,0,0,0,0,0,0,0,0,0,0,0,0,1681472047
3932037,3933563,3924713,3946838,3600000,3600000,3600000,3600000,3600000,3600000,3600000,3921051,3934326,3937377,507,709,717,715,712,119,119,119,119,119,119,119,713,719,719,1000,1000,1000,1000,1000,1000,1000,1000,1000,1000,1000,1000,1000,1000,0,0,0,0,0,0,0,0,0,0,0,0,0,0,0,1681472048
3931427,3933258,3924407,3946838,3600000,3600000,3600000,3600000,3600000,3600000,3600000,3920288,3933105,3937225,512,709,717,715,712,119,119,119,119,119,119,119,713,719,719,1000,1000,1000,1000,1000,1000,1000,1000,1000,1000,1000,1000,1000,1000,0,0,0,0,0,0,0,0,0,0,0,0,0,0,0,1681472049
3930969,3932189,3923645,3946228,3600000,3600000,3600000,3600000,3600000,3600000,3600000,3919677,3931884,3936462,515,709,717,715,712,119,119,119,119,119,119,119,713,719,719,1000,1000,1000,1000,1000,1000,1000,1000,1000,1000,1000,1000,1000,1000,0,0,0,0,0,0,0,0,0,0,0,0,0,0,0,1681472050
3931274,3933105,3924102,3946533,3600000,3600000,3600000,3600000,3600000,3600000,3600000,3920135,3932800,3936767,513,709,717,715,712,119,119,119,119,119,119,119,713,719,719,1000,1000,1000,1000,1000,1000,1000,1000,1000,1000,1000,1000,1000,1000,0,0,0,0,0,0,0,0,0,0,0,0,0,0,0,1681472051
3931579,3932800,3923950,3946075,3600000,3600000,3600000,3600000,3600000,3600000,3600000,3919525,3933258,3937225,513,708,716,714,711,118,118,118,118,118,118,118,712,718,718,1000,1000,1000,1000,1000,1000,1000,1000,1000,1000,1000,1000,1000,1000,0,0,0,0,0,0,0,0,0,0,0,0,0,0,0,1681472052
3932037,3932647,3924255,3946380,3600000,3600000,3600000,3600000,3600000,3600000,3600000,3920440,3933258,3936614,509,708,716,714,711,118,118,118,118,118,118,118,712,718,718,1000,1000,1000,1000,1000,1000,1000,1000,1000,1000,1000,1000,1000,1000,0,0,0,0,0,0,0,0,0,0,0,0,0,0,0,1681472053
3931579,3932495,3923797,3945617,3600000,3600000,3600000,3600000,3600000,3600000,3600000,3919830,3932342,3936767,512,708,716,714,711,118,118,118,118,118,118,118,712,718,718,1000,1000,1000,1000,1000,1000,1000,1000,1000,1000,1000,1000,1000,1000,0,0,0,0,0,0,0,0,0,0,0,0,0,0,0,1681472054
3931121,3931884,3923645,3945465,3600000,3600000,3600000,3600000,3600000,3600000,3600000,3919525,3933410,3937225,513,708,716,714,711,118,118,118,118,118,118,118,712,718,718,1000,1000,1000,1000,1000,1000,1000,1000,1000,1000,1000,1000,1000,1000,0,0,0,0,0,0,0,0,0,0,0,0,0,0,0,1681472055
3931427,3932495,3923187,3946228,3600000,3600000,3600000,3600000,3600000,3600000,3600000,3920135,3932495,3936767,515,708,716,714,711,118,118,118,118,118,118,118,712,718,718,1000,1000,1000,1000,1000,1000,1000,1000,1000,1000,1000,1000,1000,1000,0,0,0,0,0,0,0,0,0,0,0,0,0,0,0,1681472056
3930969,3932189,3923034,3945312,3600000,3600000,3600000,3600000,3600000,3600000,3600000,3919525,3932342,3936004,513,708,716,714,711,118,118,118,118,118,118,118,712,718,718,1000,1000,1000,1000,1000,1000,1000,1000,1000,1000,1000,1000,1000,1000,0,0,0,0,0,0,0,0,0,0,0,0,0,0,0,1681472057
3931579,3932342,3924255,3946075,3600000,3600000,3600000,3600000,3600000,3600000,3600000,3920288,3932800,3936614,510,708,716,714,711,118,118,118,118,118,118,118,712,718,718,1000,1000,1000,1000,1000,1000,1000,1000,1000,1000,1000,1000,1000,1000,0,0,0,0,0,0,0,0,0,0,0,0,0,0,0,1681472058
3931732,3932495,3923034,3945465,3600000,3600000,3600000,3600000,3600000,3600000,3600000,3920288,3933105,3936920,513,708,716,714,711,118,118,118,118,118,118,118,712,718,718,1000,1000,1000,1000,1000,1000,1000,1000,1000,1000,1000,1000,1000,1000,0,0,0,0,0,0,0,0,0,0,0,0,0,0,0,1681472059
3931274,3932189,3923339,3945465,3600000,3600000,3600000,3600000,3600000,3600000,3600000,3919067,3932189,3935699,514,708,716,714,711,118,118,118,118,118,118,118,712,718,718,1000,1000,1000,1000,1000,1000,1000,1000,1000,1000,1000,1000,1000,1000,0,0,0,0,0,0,0,0,0,0,0,0,0,0,0,1681472060
3931427,3932037,3923950,3946533,3600000,3600000,3600000,3600000,3600000,3600000,3600000,3920135,3932189,3936462,511,708,716,714,711,118,118,118,118,118,118,118,712,718,718,1000,1000,1000,1000,1000,1000,1000,1000,1000,1000,1000,1000,1000,1000,0,0,0,0,0,0,0,0,0,0,0,0,0,0,0,1681472061
3931121,3931732,3923187,3946228,3600000,3600000,3600000,3600000,3600000,3600000,3600000,3920135,3932952,3936004,510,708,716,714,711,118,118,118,118,118,118,118,712,718,718,1000,1000,1000,1000,1000,1000,1000,1000,1000,1000,1000,1000,1000,1000,0,0,0,0,0,0,0,0,0,0,0,0,0,0,0,1681472062
3930664,3931884,3923187,3945312,3600000,3600000,3600000,3600000,3600000,3600000,3600000,3920135,3932189,3935699,514,708,716,714,711,118,118,118,118,118,118,118,712,718,718,1000,1000,1000,1000,1000,1000,1000,1000,1000,1000,1000,1000,1000,1000,0,0,0,0,0,0,0,0,0,0,0,0,0,0,0,1681472063
3930664,3932189,3922576,3945007,3600000,3600000,3600000,3600000,3600000,3600000,3600000,3919219,3931884,3936157,514,708,716,714,711,118,118,118,118,118,118,118,712,718,718,1000,1000,1000,1000,1000,1000,1000,1000,1000,1000,1000,1000,1000,1000,0,0,0,0,0,0,0,0,0,0,0,0,0,0,0,1681472064
3930664,3931732,3922729,3945312,3600000,3600000,3600000,3600000,3600000,3600000,3600000,3919982,3932342,3935699,512,708,716,714,711,118,118,118,118,118,118,118,712,718,718,1000,1000,1000,1000,1000,1000,1000,1000,1000,1000,1000,1000,1000,1000,0,0,0,0,0,0,0,0,0,0,0,0,0,0,0,1681472065
3930969,3931884,3922882,3945159,3600000,3600000,3600000,3600000,3600000,3600000,3600000,3919525,3932189,3935852,513,708,716,714,711,118,118,118,118,118,118,118,712,718,718,1000,1000,1000,1000,1000,1000,1000,1000,1000,1000,1000,1000,1000,1000,0,0,0,0,0,0,0,0,0,0,0,0,0,0,0,1681472066
3930664,3931884,3923034,3945770,3600000,3600000,3600000,3600000,3600000,3600000,3600000,3919067,3931884,3935699,515,708,716,714,711,118,118,118,118,118,118,118,712,718,718,1000,1000,1000,1000,1000,1000,1000,1000,1000,1000,1000,1000,1000,1000,0,0,0,0,0,0,0,0,0,0,0,0,0,0,0,1681472067
3930053,3931427,3923339,3945007,3600000,3600000,3600000,3600000,3600000,3600000,3600000,3918762,3932037,3936157,514,708,716,714,711,118,118,118,118,118,118,118,712,718,718,1000,1000,1000,1000,1000,1000,1000,1000,1000,1000,1000,1000,1000,1000,0,0,0,0,0,0,0,0,0,0,0,0,0,0,0,1681472068
3930664,3931884,3923950,3945617,3600000,3600000,3600000,3600000,3600000,3600000,3600000,3918151,3932647,3936309,514,708,716,714,711,118,118,118,118,118,118,118,712,718,718,1000,1000,1000,1000,1000,1000,1000,1000,1000,1000,1000,1000,1000,1000,0,0,0,0,0,0,0,0,0,0,0,0,0,0,0,1681472069
3930511,3931884,3922576,3945007,3600000,3600000,3600000,3600000,3600000,3600000,3600000,3919067,3931732,3935852,513,708,716,714,711,118,118,118,118,118,118,118,712,718,718,1000,1000,1000,1000,1000,1000,1000,1000,1000,1000,1000,1000,1000,1000,0,0,0,0,0,0,0,0,0,0,0,0,0,0,0,1681472070
3931121,3931732,3922729,3945007,3600000,3600000,3600000,3600000,3600000,3600000,3600000,3919067,3931884,3935852,514,708,716,714,711,118,118,118,118,118,118,118,712,718,718,1000,1000,1000,1000,1000,1000,1000,1000,1000,1000,1000,1000,1000,1000,0,0,0,0,0,0,0,0,0,0,0,0,0,0,0,1681472071
3930511,3931579,3923645,3945465,3600000,3600000,3600000,3600000,3600000,3600000,3600000,3919067,3932800,3936614,511,707,715,713,710,117,117,117,117,117,117,117,711,717,717,1000,1000,1000,1000,1000,1000,1000,1000,1000,1000,1000,1000,1000,1000,0,0,0,0,0,0,0,0,0,0,0,0,0,0,0,1681472072
3930206,3931274,3922882,3944854,3600000,3600000,3600000,3600000,3600000,3600000,3600000,3919067,3931579,3935089,513,707,715,713,710,117,117,117,117,117,117,117,711,717,717,1000,1000,1000,1000,1000,1000,1000,1000,1000,1000,1000,1000,1000,1000,0,0,0,0,0,0,0,0,0,0,0,0,0,0,0,1681472073
3930664,3931427,3922882,3945007,3600000,3600000,3600000,3600000,3600000,3600000,3600000,3918914,3931884,3935852,514,707,715,713,710,117,117,117,117,117,117,117,711,717,717,1000,1000,1000,1000,1000,1000,1000,1000,1000,1000,1000,1000,1000,1000,0,0,0,0,0,0,0,0,0,0,0,0,0,0,0,1681472074
3930206,3931274,3923034,3944396,3600000,3600000,3600000,3600000,3600000,3600000,3600000,3918609,3932189,3935852,513,707,715,713,710,117,117,117,117,117,117,117,711,717,717,1000,1000,1000,1000,1000,1000,1000,1000,1000,1000,1000,1000,1000,1000,0,0,0,0,0,0,0,0,0,0,0,0,0,0,0,1681472075
3930053,3931884,3922576,3944854,3600000,3600000,3600000,3600000,3600000,3600000,3600000,3919372,3931274,3935089,512,707,715,713,710,117,117,117,117,117,117,117,711,717,717,1000,1000,1000,1000,1000,1000,1000,1000,1000,1000,1000,1000,1000,1000,0,0,0,0,0,0,0,0,0,0,0,0,0,0,0,1681472076
3930206,3931427,3922882,3945617,3600000,3600000,3600000,3600000,3600000,3600000,3600000,3918609,3931274,3935241,514,707,715,713,710,117,117,117,117,117,117,117,711,717,717,1000,1000,1000,1000,1000,1000,1000,1000,1000,1000,1000,1000,1000,1000,0,0,0,0,0,0,0,0,0,0,0,0,0,0,0,1681472077
3930053,3931274,3922424,3945312,3600000,3600000,3600000,3600000,3600000,3600000,3600000,3918609,3931732,3935699,515,707,715,713,710,117,117,117,117,117,117,117,711,717,717,1000,1000,1000,1000,1000,1000,1000,1000,1000,1000,1000,1000,1000,1000,0,0,0,0,0,0,0,0,0,0,0,0,0,0,0,1681472078
3929595,3930664,3922729,3944549,3600000,3600000,3600000,3600000,3600000,3600000,3600000,3918609,3931274,3934936,515,707,715,713,710,117,117,117,117,117,117,117,711,717,717,1000,1000,1000,1000,1000,1000,1000,1000,1000,1000,1000,1000,1000,1000,0,0,0,0,0,0,0,0,0,0,0,0,0,0,0,1681472079
3930664,3931579,3922271,3944702,3600000,3600000,3600000,3600000,3600000,3600000,3600000,3918609,3931732,3934936,512,707,715,713,710,117,117,117,117,117,117,117,711,717,717,1000,1000,1000,1000,1000,1000,1000,1000,1000,1000,1000,1000,1000,1000,0,0,0,0,0,0,0,0,0,0,0,0,0,0,0,1681472080
3930053,3931274,3922271,3944549,3600000,3600000,3600000,3600000,3600000,3600000,3600000,3918609,3930969,3934936,514,707,715,713,710,117,117,117,117,117,117,117,711,717,717,1000,1000,1000,1000,1000,1000,1000,1000,1000,1000,1000,1000,1000,1000,0,0,0,0,0,0,0,0,0,0,0,0,0,0,0,1681472081
3929748,3930969,3921813,3944091,3600000,3600000,3600000,3600000,3600000,3600000,3600000,3917999,3931274,3935546,515,707,715,713,710,117,117,117,117,117,117,117,711,717,717,1000,1000,1000,1000,1000,1000,1000,1000,1000,1000,1000,1000,1000,1000,0,0,0,0,0,0,0,0,0,0,0,0,0,0,0,1681472082
3930206,3931274,3921661,3944091,3600000,3600000,3600000,3600000,3600000,3600000,3600000,3919067,3931121,3934783,513,707,715,713,710,117,117,117,117,117,117,117,711,717,717,1000,1000,1000,1000,1000,1000,1000,1000,1000,1000,1000,1000,1000,1000,0,0,0,0,0,0,0,0,0,0,0,0,0,0,0,1681472083
3929443,3930206,3922576,3944854,3600000,3600000,3600000,3600000,3600000,3600000,3600000,3917999,3930969,3935241,513,707,715,713,710,117,117,117,117,117,117,117,711,717,717,1000,1000,1000,1000,1000,1000,1000,1000,1000,1000,1000,1000,1000,1000,0,0,0,0,0,0,0,0,0,0,0,0,0,0,0,1681472084
3929443,3930969,3921966,3943939,3600000,3600000,3600000,3600000,3600000,3600000,3600000,3917694,3930511,3934783,517,707,715,713,710,117,117,117,117,117,117,117,711,717,717,1000,1000,1000,1000,1000,1000,1000,1000,1000,1000,1000,1000,1000,1000,0,0,0,0,0,0,0,0,0,0,0,0,0,0,0,1681472085
3929138,3930053,3921661,3944091,3600000,3600000,3600000,3600000,3600000,3600000,3600000,3918304,3930969,3934783,517,707,715,713,710,117,117,117,117,117,117,117,711,717,717,1000,1000,1000,1000,1000,1000,1000,1000,1000,1000,1000,1000,1000,1000,0,0,0,0,0,0,0,0,0,0,0,0,0,0,0,1681472086
3928985,3930664,3922271,3944702,3600000,3600000,3600000,3600000,3600000,3600000,3600000,3918762,3930969,3934783,515,707,715,713,710,117,117,117,117,117,117,117,711,717,717,1000,1000,1000,1000,1000,1000,1000,1000,1000,1000,1000,1000,1000,1000,0,0,0,0,0,0,0,0,0,0,0,0,0,0,0,1681472087
3928680,3930053,3921661,3943939,3600000,3600000,3600000,3600000,3600000,3600000,3600000,3918151,3931427,3935394,517,707,715,713,710,117,117,117,117,117,117,117,711,717,717,1000,1000,1000,1000,1000,1000,1000,1000,1000,1000,1000,1000,1000,1000,0,0,0,0,0,0,0,0,0,0,0,0,0,0,0,1681472088
3929443,3930358,3921661,3944244,3600000,3600000,3600000,3600000,3600000,3600000,3600000,3917999,3931274,3935394,515,707,715,713,710,117,117,117,117,117,117,117,711,717,717,1000,1000,1000,1000,1000,1000,1000,1000,1000,1000,1000,1000,1000,1000,0,0,0,0,0,0,0,0,0,0,0,0,0,0,0,1681472089
3929290,3930358,3922729,3944244,3600000,3600000,3600000,3600000,3600000,3600000,3600000,3918304,3931274,3934936,514,707,715,713,710,117,117,117,117,117,117,117,711,717,717,1000,1000,1000,1000,1000,1000,1000,1000,1000,1000,1000,1000,1000,1000,0,0,0,0,0,0,0,0,0,0,0,0,0,0,0,1681472090
3929443,3930664,3921813,3944244,3600000,3600000,3600000,3600000,3600000,3600000,3600000,3917999,3930969,3934783,514,707,715,713,710,117,117,117,117,117,117,117,711,717,717,1000,1000,1000,1000,1000,1000,1000,1000,1000,1000,1000,1000,1000,1000,0,0,0,0,0,0,0,0,0,0,0,0,0,0,0,1681472091
3929443,3930664,3921966,3943939,3600000,3600000,3600000,3600000,3600000,3600000,3600000,3917694,3930358,3934020,517,706,714,712,709,116,116,116,116,116,116,116,710,716,716,1000,1000,1000,1000,1000,1000,1000,1000,1000,1000,1000,1000,1000,1000,0,0,0,0,0,0,0,0,0,0,0,0,0,0,0,1681472092
3928985,3930969,3921661,3944091,3600000,3600000,3600000,3600000,3600000,3600000,3600000,3918457,3931579,3934936,514,706,714,712,709,116,116,116,116,116,116,116,710,716,716,1000,1000,1000,1000,1000,1000,1000,1000,1000,1000,1000,1000,1000,1000,0,0,0,0,0,0,0,0,0,0,0,0,0,0,0,1681472093
3928985,3930358,3920745,3942565,3600000,3600000,3600000,3600000,3600000,3600000,3600000,3917236,3930206,3933868,517,706,714,712,709,116,116,116,116,116,116,116,710,716,716,1000,1000,1000,1000,1000,1000,1000,1000,1000,1000,1000,1000,1000,1000,0,0,0,0,0,0,0,0,0,0,0,0,0,0,0,1681472094
3928375,3930358,3921813,3943786,3600000,3600000,3600000,3600000,3600000,3600000,3600000,3917388,3930664,3934631,516,706,714,712,709,116,116,116,116,116,116,116,710,716,716,1000,1000,1000,1000,1000,1000,1000,1000,1000,1000,1000,1000,1000,1000,0,0,0,0,0,0,0,0,0,0,0,0,0,0,0,1681472095
3928985,3930511,3921203,3944396,3600000,3600000,3600000,3600000,3600000,3600000,3600000,3917388,3930511,3934631,515,706,714,712,709,116,116,116,116,116,116,116,710,716,716,1000,1000,1000,1000,1000,1000,1000,1000,1000,1000,1000,1000,1000,1000,0,0,0,0,0,0,0,0,0,0,0,0,0,0,0,1681472096
3929443,3930206,3922119,3944549,3600000,3600000,3600000,3600000,3600000,3600000,3600000,3918151,3930053,3934478,509,706,714,712,709,116,116,116,116,116,116,116,710,716,716,1000,1000,1000,1000,1000,1000,1000,1000,1000,1000,1000,1000,1000,1000,0,0,0,0,0,0,0,0,0,0,0,0,0,0,0,1681472097
3929595,3930511,3921661,3943634,3600000,3600000,3600000,3600000,3600000,3600000,3600000,3917846,3930206,3934326,513,706,714,712,709,116,116,116,116,116,116,116,710,716,716,1000,1000,1000,1000,1000,1000,1000,1000,1000,1000,1000,1000,1000,1000,0,0,0,0,0,0,0,0,0,0,0,0,0,0,0,1681472098
3929290,3930206,3921966,3943939,3600000,3600000,3600000,3600000,3600000,3600000,3600000,3917694,3930511,3934478,513,706,714,712,709,116,116,116,116,116,116,116,710,716,716,1000,1000,1000,1000,1000,1000,1000,1000,1000,1000,1000,1000,1000,1000,0,0,0,0,0,0,0,0,0,0,0,0,0,0,0,1681472099
3928985,3930053,3921356,3943481,3600000,3600000,3600000,3600000,3600000,3600000,3600000,3917388,3929901,3933563,515,706,714,712,709,116,116,116,116,116,116,116,710,716,716,1000,1000,1000,1000,1000,1000,1000,1000,1000,1000,1000,1000,1000,1000,0,0,0,0,0,0,0,0,0,0,0,0,0,0,0,1681472100
3928833,3929901,3921203,3943786,3600000,3600000,3600000,3600000,3600000,3600000,3600000,3917846,3930053,3934326,516,706,714,712,709,116,116,116,116,116,116,116,710,716,716,1000,1000,1000,1000,1000,1000,1000,1000,1000,1000,1000,1000,1000,1000,0,0,0,0,0,0,0,0,0,0,0,0,0,0,0,1681472101
3928833,3930664,3921661,3943634,3600000,3600000,3600000,3600000,3600000,3600000,3600000,3917388,3930511,3934173,515,706,714,712,709,116,116,116,116,116,116,116,710,716,716,1000,1000,1000,1000,1000,1000,1000,1000,1000,1000,1000,1000,1000,1000,0,0,0,0,0,0,0,0,0,0,0,0,0,0,0,1681472102
3928070,3930206,3921661,3943634,3600000,3600000,3600000,3600000,3600000,3600000,3600000,3917388,3929443,3933715,513,706,714,712,709,116,116,116,116,116,116,116,710,716,716,1000,1000,1000,1000,1000,1000,1000,1000,1000,1000,1000,1000,1000,1000,0,0,0,0,0,0,0,0,0,0,0,0,0,0,0,1681472103
3928985,3929901,3921661,3943634,3600000,3600000,3600000,3600000,3600000,3600000,3600000,3917541,3929901,3934020,514,706,714,712,709,116,116,116,116,116,116,116,710,716,716,1000,1000,1000,1000,1000,1000,1000,1000,1000,1000,1000,1000,1000,1000,0,0,0,0,0,0,0,0,0,0,0,0,0,0,0,1681472104
3929443,3930358,3920898,3943023,3600000,3600000,3600000,3600000,3600000,3600000,3600000,3917388,3930206,3934173,515,706,714,712,709,116,116,116,116,116,116,116,710,716,716,1000,1000,1000,1000,1000,1000,1000,1000,1000,1000,1000,1000,1000,1000,0,0,0,0,0,0,0,0,0,0,0,0,0,0,0,1681472105
3928375,3929443,3920745,3943328,3600000,3600000,3600000,3600000,3600000,3600000,3600000,3917388,3930511,3934020,514,706,714,712,709,116,116,116,116,116,116,116,710,716,716,1000,1000,1000,1000,1000,1000,1000,1000,1000,1000,1000,1000,1000,1000,0,0,0,0,0,0,0,0,0,0,0,0,0,0,0,1681472106
3929595,3930053,3920898,3943176,3600000,3600000,3600000,3600000,3600000,3600000,3600000,3916625,3930053,3933868,515,706,714,712,709,116,116,116,116,116,116,116,710,716,716,1000,1000,1000,1000,1000,1000,1000,1000,1000,1000,1000,1000,1000,1000,0,0,0,0,0,0,0,0,0,0,0,0,0,0,0,1681472107
3928527,3929595,3921203,3943481,3600000,3600000,3600000,3600000,3600000,3600000,3600000,3917083,3929901,3933715,515,706,714,712,709,116,116,116,116,116,116,116,710,716,716,1000,1000,1000,1000,1000,1000,1000,1000,1000,1000,1000,1000,1000,1000,0,0,0,0,0,0,0,0,0,0,0,0,0,0,0,1681472108
3928527,3929748,3920440,3943023,3600000,3600000,3600000,3600000,3600000,3600000,3600000,3916625,3929595,3933563,516,706,714,712,709,116,116,116,116,116,116,116,710,716,716,1000,1000,1000,1000,1000,1000,1000,1000,1000,1000,1000,1000,1000,1000,0,0,0,0,0,0,0,0,0,0,0,0,0,0,0,1681472109
3928680,3929138,3920898,3942718,3600000,3600000,3600000,3600000,3600000,3600000,3600000,3917541,3929138,3932952,516,706,714,712,709,116,116,116,116,116,116,116,710,716,716,1000,1000,1000,1000,1000,1000,1000,1000,1000,1000,1000,1000,1000,1000,0,0,0,0,0,0,0,0,0,0,0,0,0,0,0,1681472110
3929443,3930511,3921661,3943939,3600000,3600000,3600000,3600000,3600000,3600000,3600000,3916931,3930816,3934326,510,706,714,712,709,116,116,116,116,116,116,116,710,716,716,1000,1000,1000,1000,1000,1000,1000,1000,1000,1000,1000,1000,1000,1000,0,0,0,0,0,0,0,0,0,0,0,0,0,0,0,1681472111
3928527,3929748,3920898,3943481,3600000,3600000,3600000,3600000,3600000,3600000,3600000,3916931,3929901,3933105,514,705,713,711,708,115,115,115,115,115,115,115,709,715,715,1000,1000,1000,1000,1000,1000,1000,1000,1000,1000,1000,1000,1000,1000,0,0,0,0,0,0,0,0,0,0,0,0,0,0,0,1681472112
3928527,3928985,3920593,3942260,3600000,3600000,3600000,3600000,3600000,3600000,3600000,3916931,3929443,3933410,516,705,713,711,708,115,115,115,115,115,115,115,709,715,715,1000,1000,1000,1000,1000,1000,1000,1000,1000,1000,1000,1000,1000,1000,0,0,0,0,0,0,0,0,0,0,0,0,0,0,0,1681472113
3928680,3928833,3921051,3943023,3600000,3600000,3600000,3600000,3600000,3600000,3600000,3916473,3929290,3933715,515,705,713,711,708,115,115,115,115,115,115,115,709,715,715,1000,1000,1000,1000,1000,1000,1000,1000,1000,1000,1000,1000,1000,1000,0,0,0,0,0,0,0,0,0,0,0,0,0,0,0,1681472114
3928222,3929138,3920440,3942718,3600000,3600000,3600000,3600000,3600000,3600000,3600000,3916778,3929748,3933105,515,705,713,711,708,115,115,115,115,115,115,115,709,715,715,1000,1000,1000,1000,1000,1000,1000,1000,1000,1000,1000,1000,1000,1000,0,0,0,0,0,0,0,0,0,0,0,0,0,0,0,1681472115
3927764,3929138,3920593,3942413,3600000,3600000,3600000,3600000,3600000,3600000,3600000,3916320,3928985,3933105,516,705,713,711,708,115,115,115,115,115,115,115,709,715,715,1000,1000,1000,1000,1000,1000,1000,1000,1000,1000,1000,1000,1000,1000,0,0,0,0,0,0,0,0,0,0,0,0,0,0,0,1681472116
3927764,3928985,3920135,3942413,3600000,3600000,3600000,3600000,3600000,3600000,3600000,3916015,3929138,3933105,518,705,713,711,708,115,115,115,115,115,115,115,709,715,715,1000,1000,1000,1000,1000,1000,1000,1000,1000,1000,1000,1000,1000,1000,0,0,0,0,0,0,0,0,0,0,0,0,0,0,0,1681472117
3928527,3929290,3920593,3942565,3600000,3600000,3600000,3600000,3600000,3600000,3600000,3916931,3929901,3933715,514,705,713,711,708,115,115,115,115,115,115,115,709,715,715,1000,1000,1000,1000,1000,1000,1000,1000,1000,1000,1000,1000,1000,1000,0,0,0,0,0,0,0,0,0,0,0,0,0,0,0,1681472118
3927307,3928527,3919982,3942260,3600000,3600000,3600000,3600000,3600000,3600000,3600000,3916931,3928833,3932647,517,705,713,711,708,115,115,115,115,115,115,115,709,715,715,1000,1000,1000,1000,1000,1000,1000,1000,1000,1000,1000,1000,1000,1000,0,0,0,0,0,0,0,0,0,0,0,0,0,0,0,1681472119
3927764,3928527,3920593,3942718,3600000,3600000,3600000,3600000,3600000,3600000,3600000,3916320,3929138,3932495,515,705,713,711,708,115,115,115,115,115,115,115,709,715,715,1000,1000,1000,1000,1000,1000,1000,1000,1000,1000,1000,1000,1000,1000,0,0,0,0,0,0,0,0,0,0,0,0,0,0,0,1681472120
3928070,3928833,3919830,3941802,3600000,3600000,3600000,3600000,3600000,3600000,3600000,3916473,3929748,3933105,512,705,713,711,708,115,115,115,115,115,115,115,709,715,715,1000,1000,1000,1000,1000,1000,1000,1000,1000,1000,1000,1000,1000,1000,0,0,0,0,0,0,0,0,0,0,0,0,0,0,0,1681472121
3927764,3928985,3920745,3943023,3600000,3600000,3600000,3600000,3600000,3600000,3600000,3916625,3929290,3933258,513,705,713,711,708,115,115,115,115,115,115,115,709,715,715,1000,1000,1000,1000,1000,1000,1000,1000,1000,1000,1000,1000,1000,1000,0,0,0,0,0,0,0,0,0,0,0,0,0,0,0,1681472122
3927917,3928375,3920440,3942565,3600000,3600000,3600000,3600000,3600000,3600000,3600000,3916625,3928985,3933105,516,705,713,711,708,115,115,115,115,115,115,115,709,715,715,1000,1000,1000,1000,1000,1000,1000,1000,1000,1000,1000,1000,1000,1000,0,0,0,0,0,0,0,0,0,0,0,0,0,0,0,1681472123
3928375,3929138,3920593,3942565,3600000,3600000,3600000,3600000,3600000,3600000,3600000,3916625,3929595,3933715,513,705,713,711,708,115,115,115,115,115,115,115,709,715,715,1000,1000,1000,1000,1000,1000,1000,1000,1000,1000,1000,1000,1000,1000,0,0,0,0,0,0,0,0,0,0,0,0,0,0,0,1681472124
3927307,3928375,3920440,3942108,3600000,3600000,3600000,3600000,3600000,3600000,3600000,3916320,3928833,3932495,515,705,713,711,708,115,115,115,115,115,115,115,709,715,715,1000,1000,1000,1000,1000,1000,1000,1000,1000,1000,1000,1000,1000,1000,0,0,0,0,0,0,0,0,0,0,0,0,0,0,0,1681472125
3927612,3928833,3920135,3942413,3600000,3600000,3600000,3600000,3600000,3600000,3600000,3915710,3928985,3932800,516,705,713,711,708,115,115,115,115,115,115,115,709,715,715,1000,1000,1000,1000,1000,1000,1000,1000,1000,1000,1000,1000,1000,1000,0,0,0,0,0,0,0,0,0,0,0,0,0,0,0,1681472126
3927154,3928985,3920593,3942871,3600000,3600000,3600000,3600000,3600000,3600000,3600000,3916625,3928680,3933410,514,705,713,711,708,115,115,115,115,115,115,115,709,715,715,1000,1000,1000,1000,1000,1000,1000,1000,1000,1000,1000,1000,1000,1000,0,0,0,0,0,0,0,0,0,0,0,0,0,0,0,1681472127
3928527,3929443,3920288,3942260,3600000,3600000,3600000,3600000,3600000,3600000,3600000,3916778,3929138,3933410,513,705,713,711,708,115,115,115,115,115,115,115,709,715,715,1000,1000,1000,1000,1000,1000,1000,1000,1000,1000,1000,1000,1000,1000,0,0,0,0,0,0,0,0,0,0,0,0,0,0,0,1681472128
3928375,3929748,3919982,3942565,3600000,3600000,3600000,3600000,3600000,3600000,3600000,3916778,3929748,3933105,511,705,713,711,708,115,115,115,115,115,115,115,709,715,715,1000,1000,1000,1000,1000,1000,1000,1000,1000,1000,1000,1000,1000,1000,0,0,0,0,0,0,0,0,0,0,0,0,0,0,0,1681472129
3927154,3928222,3919982,3941650,3600000,3600000,3600000,3600000,3600000,3600000,3600000,3916168,3928527,3932342,515,705,713,711,708,115,115,115,115,115,115,115,709,715,715,1000,1000,1000,1000,1000,1000,1000,1000,1000,1000,1000,1000,1000,1000,0,0,0,0,0,0,0,0,0,0,0,0,0,0,0,1681472130
3927307,3928375,3919982,3941802,3600000,3600000,3600000,3600000,3600000,3600000,3600000,3916015,3929290,3932647,515,705,713,711,708,115,115,115,115,115,115,115,709,715,715,1000,1000,1000,1000,1000,1000,1000,1000,1000,1000,1000,1000,1000,1000,0,0,0,0,0,0,0,0,0,0,0,0,0,0,0,1681472131
3927307,3928833,3920593,3942260,3600000,3600000,3600000,3600000,3600000,3600000,3600000,3916473,3928680,3932495,513,704,712,710,707,114,114,114,114,114,114,114,708,714,714,1000,1000,1000,1000,1000,1000,1000,1000,1000,1000,1000,1000,1000,1000,0,0,0,0,0,0,0,0,0,0,0,0,0,0,0,1681472132
3927917,3929443,3920288,3942260,3600000,3600000,3600000,3600000,3600000,3600000,3600000,3916320,3929443,3932495,513,704,712,710,707,114,114,114,114,114,114,114,708,714,714,1000,1000,1000,1000,1000,1000,1000,1000,1000,1000,1000,1000,1000,1000,0,0,0,0,0,0,0,0,0,0,0,0,0,0,0,1681472133
3927612,3928680,3919830,3941802,3600000,3600000,3600000,3600000,3600000,3600000,3600000,3916320,3929443,3933105,512,704,712,710,707,114,114,114,114,114,114,114,708,714,714,1000,1000,1000,1000,1000,1000,1000,1000,1000,1000,1000,1000,1000,1000,0,0,0,0,0,0,0,0,0,0,0,0,0,0,0,1681472134
3927001,3928527,3919219,3941650,3600000,3600000,3600000,3600000,3600000,3600000,3600000,3915863,3928527,3932189,516,704,712,710,707,114,114,114,114,114,114,114,708,714,714,1000,1000,1000,1000,1000,1000,1000,1000,1000,1000,1000,1000,1000,1000,0,0,0,0,0,0,0,0,0,0,0,0,0,0,0,1681472135
3927154,3928680,3920135,3942108,3600000,3600000,3600000,3600000,3600000,3600000,3600000,3916473,3929138,3932952,514,704,712,710,707,114,114,114,114,114,114,114,708,714,714,1000,1000,1000,1000,1000,1000,1000,1000,1000,1000,1000,1000,1000,1000,0,0,0,0,0,0,0,0,0,0,0,0,0,0,0,1681472136
3926696,3928070,3920135,3942108,3600000,3600000,3600000,3600000,3600000,3600000,3600000,3916015,3929138,3932647,513,704,712,710,707,114,114,114,114,114,114,114,708,714,714,1000,1000,1000,1000,1000,1000,1000,1000,1000,1000,1000,1000,1000,1000,0,0,0,0,0,0,0,0,0,0,0,0,0,0,0,1681472137
3926849,3927917,3920440,3942260,3600000,3600000,3600000,3600000,3600000,3600000,3600000,3916015,3928680,3932647,514,704,712,710,707,114,114,114,114,114,114,114,708,714,714,1000,1000,1000,1000,1000,1000,1000,1000,1000,1000,1000,1000,1000,1000,0,0,0,0,0,0,0,0,0,0,0,0,0,0,0,1681472138
3926086,3927307,3918914,3941192,3600000,3600000,3600000,3600000,3600000,3600000,3600000,3915557,3928527,3932342,517,704,712,710,707,114,114,114,114,114,114,114,708,714,714,1000,1000,1000,1000,1000,1000,1000,1000,1000,1000,1000,1000,1000,1000,0,0,0,0,0,0,0,0,0,0,0,0,0,0,0,1681472139
3926239,3927459,3918609,3941650,3600000,3600000,3600000,3600000,3600000,3600000,3600000,3915405,3928527,3932342,518,704,712,710,707,114,114,114,114,114,114,114,708,714,714,1000,1000,1000,1000,1000,1000,1000,1000,1000,1000,1000,1000,1000,1000,0,0,0,0,0,0,0,0,0,0,0,0,0,0,0,1681472140
3927154,3928527,3919372,3941345,3600000,3600000,3600000,3600000,3600000,3600000,3600000,3915863,3928375,3932189,514,704,712,710,707,114,114,114,114,114,114,114,708,714,714,1000,1000,1000,1000,1000,1000,1000,1000,1000,1000,1000,1000,1000,1000,0,0,0,0,0,0,0,0,0,0,0,0,0,0,0,1681472141
3927612,3928527,3919219,3942108,3600000,3600000,3600000,3600000,3600000,3600000,3600000,3915710,3928527,3932495,511,704,712,710,707,114,114,114,114,114,114,114,708,714,714,1000,1000,1000,1000,1000,1000,1000,1000,1000,1000,1000,1000,1000,1000,0,0,0,0,0,0,0,0,0,0,0,0,0,0,0,1681472142
3926239,3928527,3919067,3941040,3600000,3600000,3600000,3600000,3600000,3600000,3600000,3915252,3928222,3932342,515,704,712,710,707,114,114,114,114,114,114,114,708,714,714,1000,1000,1000,1000,1000,1000,1000,1000,1000,1000,1000,1000,1000,1000,0,0,0,0,0,0,0,0,0,0,0,0,0,0,0,1681472143
3927612,3928680,3919372,3941345,3600000,3600000,3600000,3600000,3600000,3600000,3600000,3915100,3928833,3932342,512,704,712,710,707,114,114,114,114,114,114,114,708,714,714,1000,1000,1000,1000,1000,1000,1000,1000,1000,1000,1000,1000,1000,1000,0,0,0,0,0,0,0,0,0,0,0,0,0,0,0,1681472144
3926849,3928222,3918151,3941040,3600000,3600000,3600000,3600000,3600000,3600000,3600000,3914947,3927612,3931884,517,704,712,710,707,114,114,114,114,114,114,114,708,714,714,1000,1000,1000,1000,1000,1000,1000,1000,1000,1000,1000,1000,1000,1000,0,0,0,0,0,0,0,0,0,0,0,0,0,0,0,1681472145
3926696,3927764,3919372,3941802,3600000,3600000,3600000,3600000,3600000,3600000,3600000,3914947,3927917,3931732,515,704,712,710,707,114,114,114,114,114,114,114,708,714,714,1000,1000,1000,1000,1000,1000,1000,1000,1000,1000,1000,1000,1000,1000,0,0,0,0,0,0,0,0,0,0,0,0,0,0,0,1681472146
3926086,3927764,3918762,3940887,3600000,3600000,3600000,3600000,3600000,3600000,3600000,3915405,3928070,3931884,517,704,712,710,707,114,114,114,114,114,114,114,708,714,714,1000,1000,1000,1000,1000,1000,1000,1000,1000,1000,1000,1000,1000,1000,0,0,0,0,0,0,0,0,0,0,0,0,0,0,0,1681472147
3926086,3927917,3918914,3940582,3600000,3600000,3600000,3600000,3600000,3600000,3600000,3915252,3927764,3931274,515,704,712,710,707,114,114,114,114,114,114,114,708,714,714,1000,1000,1000,1000,1000,1000,1000,1000,1000,1000,1000,1000,1000,1000,0,0,0,0,0,0,0,0,0,0,0,0,0,0,0,1681472148
3926544,3927612,3918609,3941345,3600000,3600000,3600000,3600000,3600000,3600000,3600000,3915557,3927307,3932037,517,704,712,710,707,114,114,114,114,114,114,114,708,714,714,1000,1000,1000,1000,1000,1000,1000,1000,1000,1000,1000,1000,1000,1000,0,0,0,0,0,0,0,0,0,0,0,0,0,0,0,1681472149
3926696,3927917,3918151,3940429,3600000,3600000,3600000,3600000,3600000,3600000,3600000,3914947,3927154,3931274,515,704,712,710,707,114,114,114,114,114,114,114,708,714,714,1000,1000,1000,1000,1000,1000,1000,1000,1000,1000,1000,1000,1000,1000,0,0,0,0,0,0,0,0,0,0,0,0,0,0,0,1681472150
3926391,3927764,3919219,3941497,3600000,3600000,3600000,3600000,3600000,3600000,3600000,3915405,3927917,3932342,514,704,712,710,707,114,114,114,114,114,114,114,708,714,714,1000,1000,1000,1000,1000,1000,1000,1000,1000,1000,1000,1000,1000,1000,0,0,0,0,0,0,0,0,0,0,0,0,0,0,0,1681472151
3925781,3927307,3918914,3940887,3600000,3600000,3600000,3600000,3600000,3600000,3600000,3914947,3927307,3931427,515,703,711,709,706,113,113,113,113,113,113,113,707,713,713,1000,1000,1000,1000,1000,1000,1000,1000,1000,1000,1000,1000,1000,1000,0,0,0,0,0,0,0,0,0,0,0,0,0,0,0,1681472152
3926239,3926849,3918914,3940887,3600000,3600000,3600000,3600000,3600000,3600000,3600000,3914947,3928070,3931121,515,703,711,709,706,113,113,113,113,113,113,113,707,713,713,1000,1000,1000,1000,1000,1000,1000,1000,1000,1000,1000,1000,1000,1000,0,0,0,0,0,0,0,0,0,0,0,0,0,0,0,1681472153
3926391,3927764,3919067,3940887,3600000,3600000,3600000,3600000,3600000,3600000,3600000,3915100,3927612,3931884,515,703,711,709,706,113,113,113,113,113,113,113,707,713,713,1000,1000,1000,1000,1000,1000,1000,1000,1000,1000,1000,1000,1000,1000,0,0,0,0,0,0,0,0,0,0,0,0,0,0,0,1681472154
3925933,3927154,3918609,3940582,3600000,3600000,3600000,3600000,3600000,3600000,3600000,3914489,3928527,3931732,514,703,711,709,706,113,113,113,113,113,113,113,707,713,713,1000,1000,1000,1000,1000,1000,1000,1000,1000,1000,1000,1000,1000,1000,0,0,0,0,0,0,0,0,0,0,0,0,0,0,0,1681472155
3925781,3927459,3918304,3941192,3600000,3600000,3600000,3600000,3600000,3600000,3600000,3914489,3927307,3931427,517,703,711,709,706,113,113,113,113,113,113,113,707,713,713,1000,1000,1000,1000,1000,1000,1000,1000,1000,1000,1000,1000,1000,1000,0,0,0,0,0,0,0,0,0,0,0,0,0,0,0,1681472156
3925933,3927154,3917388,3940277,3600000,3600000,3600000,3600000,3600000,3600000,3600000,3914642,3926849,3930664,517,703,711,709,706,113,113,113,113,113,113,113,707,713,713,1000,1000,1000,1000,1000,1000,1000,1000,1000,1000,1000,1000,1000,1000,0,0,0,0,0,0,0,0,0,0,0,0,0,0,0,1681472157
3925933,3927459,3918609,3940887,3600000,3600000,3600000,3600000,3600000,3600000,3600000,3915252,3927764,3931427,512,703,711,709,706,113,113,113,113,113,113,113,707,713,713,1000,1000,1000,1000,1000,1000,1000,1000,1000,1000,1000,1000,1000,1000,0,0,0,0,0,0,0,0,0,0,0,0,0,0,0,1681472158
3925781,3927001,3918304,3940887,3600000,3600000,3600000,3600000,3600000,3600000,3600000,3914642,3927764,3931427,515,703,711,709,706,113,113,113,113,113,113,113,707,713,713,1000,1000,1000,1000,1000,1000,1000,1000,1000,1000,1000,1000,1000,1000,0,0,0,0,0,0,0,0,0,0,0,0,0,0,0,1681472159
3925933,3927764,3918304,3940277,3600000,3600000,3600000,3600000,3600000,3600000,3600000,3914642,3926544,3930816,515,703,711,709,706,113,113,113,113,113,113,113,707,713,713,1000,1000,1000,1000,1000,1000,1000,1000,1000,1000,1000,1000,1000,1000,0,0,0,0,0,0,0,0,0,0,0,0,0,0,0,1681472160
3926239,3927459,3918304,3941040,3600000,3600000,3600000,3600000,3600000,3600000,3600000,3914184,3927459,3931579,515,703,711,709,706,113,113,113,113,113,113,113,707,713,713,1000,1000,1000,1000,1000,1000,1000,1000,1000,1000,1000,1000,1000,1000,0,0,0,0,0,0,0,0,0,0,0,0,0,0,0,1681472161
3926086,3927612,3919219,3941192,3600000,3600000,3600000,3600000,3600000,3600000,3600000,3914947,3927917,3931579,512,703,711,709,706,113,113,113,113,113,113,113,707,713,713,1000,1000,1000,1000,1000,1000,1000,1000,1000,1000,1000,1000,1000,1000,0,0,0,0,0,0,0,0,0,0,0,0,0,0,0,1681472162
3925323,3926696,3918914,3940582,3600000,3600000,3600000,3600000,3600000,3600000,3600000,3914337,3927917,3931121,512,703,711,709,706,113,113,113,113,113,113,113,707,713,713,1000,1000,1000,1000,1000,1000,1000,1000,1000,1000,1000,1000,1000,1000,0,0,0,0,0,0,0,0,0,0,0,0,0,0,0,1681472163
3925628,3927001,3918304,3941040,3600000,3600000,3600000,3600000,3600000,3600000,3600000,3914489,3926544,3930969,512,703,711,709,706,113,113,113,113,113,113,113,707,713,713,1000,1000,1000,1000,1000,1000,1000,1000,1000,1000,1000,1000,1000,1000,0,0,0,0,0,0,0,0,0,0,0,0,0,0,0,1681472164
3925476,3926849,3917999,3940582,3600000,3600000,3600000,3600000,3600000,3600000,3600000,3914337,3926086,3930816,516,703,711,709,706,113,113,113,113,113,113,113,707,713,713,1000,1000,1000,1000,1000,1000,1000,1000,1000,1000,1000,1000,1000,1000,0,0,0,0,0,0,0,0,0,0,0,0,0,0,0,1681472165
3926391,3927001,3918914,3940734,3600000,3600000,3600000,3600000,3600000,3600000,3600000,3913879,3927459,3930816,512,703,711,709,706,113,113,113,113,113,113,113,707,713,713,1000,1000,1000,1000,1000,1000,1000,1000,1000,1000,1000,1000,1000,1000,0,0,0,0,0,0,0,0,0,0,0,0,0,0,0,1681472166
3925628,3926696,3917541,3940429,3600000,3600000,3600000,3600000,3600000,3600000,3600000,3914489,3927459,3930969,515,703,711,709,706,113,113,113,113,113,113,113,707,713,713,1000,1000,1000,1000,1000,1000,1000,1000,1000,1000,1000,1000,1000,1000,0,0,0,0,0,0,0,0,0,0,0,0,0,0,0,1681472167
3925781,3927154,3917388,3940277,3600000,3600000,3600000,3600000,3600000,3600000,3600000,3914642,3926696,3930206,514,703,711,709,706,113,113,113,113,113,113,113,707,713,713,1000,1000,1000,1000,1000,1000,1000,1000,1000,1000,1000,1000,1000,1000,0,0,0,0,0,0,0,0,0,0,0,0,0,0,0,1681472168
3925628,3926544,3917541,3939361,3600000,3600000,3600000,3600000,3600000,3600000,3600000,3914031,3926696,3930358,516,703,711,709,706,113,113,113,113,113,113,113,707,713,713,1000,1000,1000,1000,1000,1000,1000,1000,1000,1000,1000,1000,1000,1000,0,0,0,0,0,0,0,0,0,0,0,0,0,0,0,1681472169
3925476,3926239,3918151,3939819,3600000,3600000,3600000,3600000,3600000,3600000,3600000,3914642,3926239,3930206,517,703,711,709,706,113,113,113,113,113,113,113,707,713,713,1000,1000,1000,1000,1000,1000,1000,1000,1000,1000,1000,1000,1000,1000,0,0,0,0,0,0,0,0,0,0,0,0,0,0,0,1681472170
3924865,3925933,3918151,3940124,3600000,3600000,3600000,3600000,3600000,3600000,3600000,3914184,3927154,3930511,514,703,711,709,706,113,113,113,113,113,113,113,707,713,713,1000,1000,1000,1000,1000,1000,1000,1000,1000,1000,1000,1000,1000,1000,0,0,0,0,0,0,0,0,0,0,0,0,0,0,0,1681472171
3925323,3926696,3917999,3940124,3600000,3600000,3600000,3600000,3600000,3600000,3600000,3914337,3927612,3930664,513,702,710,708,705,112,112,112,112,112,112,112,706,712,712,1000,1000,1000,1000,1000,1000,1000,1000,1000,1000,1000,1000,1000,1000,0,0,0,0,0,0,0,0,0,0,0,0,0,0,0,1681472172
3924255,3925933,3917694,3940429,3600000,3600000,3600000,3600000,3600000,3600000,3600000,3913879,3926849,3930816,516,702,710,708,705,112,112,112,112,112,112,112,706,712,712,1000,1000,1000,1000,1000,1000,1000,1000,1000,1000,1000,1000,1000,1000,0,0,0,0,0,0,0,0,0,0,0,0,0,0,0,1681472173
3925018,3926696,3917999,3940429,3600000,3600000,3600000,3600000,3600000,3600000,3600000,3914794,3926544,3930816,515,702,710,708,705,112,112,112,112,112,112,112,706,712,712,1000,1000,1000,1000,1000,1000,1000,1000,1000,1000,1000,1000,1000,1000,0,0,0,0,0,0,0,0,0,0,0,0,0,0,0,1681472174
3924865,3926086,3917083,3939666,3600000,3600000,3600000,3600000,3600000,3600000,3600000,3914031,3926239,3929748,517,702,710,708,705,112,112,112,112,112,112,112,706,712,712,1000,1000,1000,1000,1000,1000,1000,1000,1000,1000,1000,1000,1000,1000,0,0,0,0,0,0,0,0,0,0,0,0,0,0,0,1681472175
3925476,3926544,3917388,3939514,3600000,3600000,3600000,3600000,3600000,3600000,3600000,3914184,3926696,3930511,516,702,710,708,705,112,112,112,112,112,112,112,706,712,712,1000,1000,1000,1000,1000,1000,1000,1000,1000,1000,1000,1000,1000,1000,0,0,0,0,0,0,0,0,0,0,0,0,0,0,0,1681472176
3924865,3926849,3917388,3940277,3600000,3600000,3600000,3600000,3600000,3600000,3600000,3913726,3926696,3930664,514,702,710,708,705,112,112,112,112,112,112,112,706,712,712,1000,1000,1000,1000,1000,1000,1000,1000,1000,1000,1000,1000,1000,1000,0,0,0,0,0,0,0,0,0,0,0,0,0,0,0,1681472177
3924865,3926239,3917541,3939971,3600000,3600000,3600000,3600000,3600000,3600000,3600000,3913269,3927001,3930969,515,702,710,708,705,112,112,112,112,112,112,112,706,712,712,1000,1000,1000,1000,1000,1000,1000,1000,1000,1000,1000,1000,1000,1000,0,0,0,0,0,0,0,0,0,0,0,0,0,0,0,1681472178
3924560,3925781,3917236,3939666,3600000,3600000,3600000,3600000,3600000,3600000,3600000,3913421,3926391,3929748,516,702,710,708,705,112,112,112,112,112,112,112,706,712,712,1000,1000,1000,1000,1000,1000,1000,1000,1000,1000,1000,1000,1000,1000,0,0,0,0,0,0,0,0,0,0,0,0,0,0,0,1681472179
3925170,3926086,3917236,3939361,3600000,3600000,3600000,3600000,3600000,3600000,3600000,3914184,3926544,3930511,517,702,710,708,705,112,112,112,112,112,112,112,706,712,712,1000,1000,1000,1000,1000,1000,1000,1000,1000,1000,1000,1000,1000,1000,0,0,0,0,0,0,0,0,0,0,0,0,0,0,0,1681472180
3924407,3925170,3916625,3939208,3600000,3600000,3600000,3600000,3600000,3600000,3600000,3912963,3926086,3929595,518,702,710,708,705,112,112,112,112,112,112,112,706,712,712,1000,1000,1000,1000,1000,1000,1000,1000,1000,1000,1000,1000,1000,1000,0,0,0,0,0,0,0,0,0,0,0,0,0,0,0,1681472181
3924713,3926391,3917541,3939971,3600000,3600000,3600000,3600000,3600000,3600000,3600000,3913116,3926696,3930358,513,702,710,708,705,112,112,112,112,112,112,112,706,712,712,1000,1000,1000,1000,1000,1000,1000,1000,1000,1000,1000,1000,1000,1000,0,0,0,0,0,0,0,0,0,0,0,0,0,0,0,1681472182
3924713,3926086,3917541,3939361,3600000,3600000,3600000,3600000,3600000,3600000,3600000,3913269,3926086,3929595,515,702,710,708,705,112,112,112,112,112,112,112,706,712,712,1000,1000,1000,1000,1000,1000,1000,1000,1000,1000,1000,1000,1000,1000,0,0,0,0,0,0,0,0,0,0,0,0,0,0,0,1681472183
3924560,3925781,3916625,3939819,3600000,3600000,3600000,3600000,3600000,3600000,3600000,3912811,3926086,3930511,515,702,710,708,705,112,112,112,112,112,112,112,706,712,712,1000,1000,1000,1000,1000,1000,1000,1000,1000,1000,1000,1000,1000,1000,0,0,0,0,0,0,0,0,0,0,0,0,0,0,0,1681472184
3925170,3926239,3917083,3939361,3600000,3600000,3600000,3600000,3600000,3600000,3600000,3912658,3926086,3930053,515,702,710,708,705,112,112,112,112,112,112,112,706,712,712,1000,1000,1000,1000,1000,1000,1000,1000,1000,1000,1000,1000,1000,1000,0,0,0,0,0,0,0,0,0,0,0,0,0,0,0,1681472185
3924713,3926239,3916778,3939056,3600000,3600000,3600000,3600000,3600000,3600000,3600000,3912963,3925628,3930358,514,702,710,708,705,112,112,112,112,112,112,112,706,712,712,1000,1000,1000,1000,1000,1000,1000,1000,1000,1000,1000,1000,1000,1000,0,0,0,0,0,0,0,0,0,0,0,0,0,0,0,1681472186
3924407,3926239,3917236,3939361,3600000,3600000,3600000,3600000,3600000,3600000,3600000,3913269,3926239,3930053,514,702,710,708,705,112,112,112,112,112,112,112,706,712,712,1000,1000,1000,1000,1000,1000,1000,1000,1000,1000,1000,1000,1000,1000,0,0,0,0,0,0,0,0,0,0,0,0,0,0,0,1681472187
3924713,3925933,3916625,3938751,3600000,3600000,3600000,3600000,3600000,3600000,3600000,3913269,3925476,3929748,516,702,710,708,705,112,112,112,112,112,112,112,706,712,712,1000,1000,1000,1000,1000,1000,1000,1000,1000,1000,1000,1000,1000,1000,0,0,0,0,0,0,0,0,0,0,0,0,0,0,0,1681472188
3924102,3925476,3917083,3939514,3600000,3600000,3600000,3600000,3600000,3600000,3600000,3913116,3926239,3929748,514,702,710,708,705,112,112,112,112,112,112,112,706,712,712,1000,1000,1000,1000,1000,1000,1000,1000,1000,1000,1000,1000,1000,1000,0,0,0,0,0,0,0,0,0,0,0,0,0,0,0,1681472189
3924407,3925170,3916625,3939361,3600000,3600000,3600000,3600000,3600000,3600000,3600000,3913421,3925933,3929595,514,702,710,708,705,112,112,112,112,112,112,112,706,712,712,1000,1000,1000,1000,1000,1000,1000,1000,1000,1000,1000,1000,1000,1000,0,0,0,0,0,0,0,0,0,0,0,0,0,0,0,1681472190
3924255,3925781,3916778,3938903,3600000,3600000,3600000,3600000,3600000,3600000,3600000,3914031,3925628,3929443,516,702,710,708,705,112,112,112,112,112,112,112,706,712,712,1000,1000,1000,1000,1000,1000,1000,1000,1000,1000,1000,1000,1000,1000,0,0,0,0,0,0,0,0,0,0,0,0,0,0,0,1681472191
3924560,3925628,3917694,3939361,3600000,3600000,3600000,3600000,3600000,3600000,3600000,3913574,3925933,3929138,513,701,709,707,704,111,111,111,111,111,111,111,705,711,711,1000,1000,1000,1000,1000,1000,1000,1000,1000,1000,1000,1000,1000,1000,0,0,0,0,0,0,0,0,0,0,0,0,0,0,0,1681472192
3924560,3925781,3917083,3938903,3600000,3600000,3600000,3600000,3600000,3600000,3600000,3913574,3926391,3929901,510,701,709,707,704,111,111,111,111,111,111,111,705,711,711,1000,1000,1000,1000,1000,1000,1000,1000,1000,1000,1000,1000,1000,1000,0,0,0,0,0,0,0,0,0,0,0,0,0,0,0,1681472193
3924713,3926239,3917388,3939514,3600000,3600000,3600000,3600000,3600000,3600000,3600000,3913879,3925933,3929595,511,701,709,707,704,111,111,111,111,111,111,111,705,711,711,1000,1000,1000,1000,1000,1000,1000,1000,1000,1000,1000,1000,1000,1000,0,0,0,0,0,0,0,0,0,0,0,0,0,0,0,1681472194
3924865,3925781,3917694,3939514,3600000,3600000,3600000,3600000,3600000,3600000,3600000,3913726,3926086,3929901,510,701,709,707,704,111,111,111,111,111,111,111,705,711,711,1000,1000,1000,1000,1000,1000,1000,1000,1000,1000,1000,1000,1000,1000,0,0,0,0,0,0,0,0,0,0,0,0,0,0,0,1681472195
3924713,3925628,3917083,3938751,3600000,3600000,3600000,3600000,3600000,3600000,3600000,3913574,3925476,3929748,514,701,709,707,704,111,111,111,111,111,111,111,705,711,711,1000,1000,1000,1000,1000,1000,1000,1000,1000,1000,1000,1000,1000,1000,0,0,0,0,0,0,0,0,0,0,0,0,0,0,0,1681472196
3924407,3925628,3916931,3939361,3600000,3600000,3600000,3600000,3600000,3600000,3600000,3912353,3926086,3929748,514,701,709,707,704,111,111,111,111,111,111,111,705,711,711,1000,1000,1000,1000,1000,1000,1000,1000,1000,1000,1000,1000,1000,1000,0,0,0,0,0,0,0,0,0,0,0,0,0,0,0,1681472197
3924713,3925628,3917388,3938598,3600000,3600000,3600000,3600000,3600000,3600000,3600000,3913421,3925323,3929443,515,701,709,707,704,111,111,111,111,111,111,111,705,711,711,1000,1000,1000,1000,1000,1000,1000,1000,1000,1000,1000,1000,1000,1000,0,0,0,0,0,0,0,0,0,0,0,0,0,0,0,1681472198
3923797,3924560,3916931,3938751,3600000,3600000,3600000,3600000,3600000,3600000,3600000,3913116,3925933,3929138,512,701,709,707,704,111,111,111,111,111,111,111,705,711,711,1000,1000,1000,1000,1000,1000,1000,1000,1000,1000,1000,1000,1000,1000,0,0,0,0,0,0,0,0,0,0,0,0,0,0,0,1681472199
3923645,3925476,3916320,3939208,3600000,3600000,3600000,3600000,3600000,3600000,3600000,3913574,3925628,3929290,513,701,709,707,704,111,111,111,111,111,111,111,705,711,711,1000,1000,1000,1000,1000,1000,1000,1000,1000,1000,1000,1000,1000,1000,0,0,0,0,0,0,0,0,0,0,0,0,0,0,0,1681472200
3923187,3924713,3916015,3938598,3600000,3600000,3600000,3600000,3600000,3600000,3600000,3912200,3924865,3929138,517,701,709,707,704,111,111,111,111,111,111,111,705,711,711,1000,1000,1000,1000,1000,1000,1000,1000,1000,1000,1000,1000,1000,1000,0,0,0,0,0,0,0,0,0,0,0,0,0,0,0,1681472201
3923339,3923950,3916320,3938598,3600000,3600000,3600000,3600000,3600000,3600000,3600000,3912963,3925018,3929443,515,701,709,707,704,111,111,111,111,111,111,111,705,711,711,1000,1000,1000,1000,1000,1000,1000,1000,1000,1000,1000,1000,1000,1000,0,0,0,0,0,0,0,0,0,0,0,0,0,0,0,1681472202
3924713,3925781,3915863,3938446,3600000,3600000,3600000,3600000,3600000,3600000,3600000,3912963,3925476,3928680,514,701,709,707,704,111,111,111,111,111,111,111,705,711,711,1000,1000,1000,1000,1000,1000,1000,1000,1000,1000,1000,1000,1000,1000,0,0,0,0,0,0,0,0,0,0,0,0,0,0,0,1681472203
3923950,3925323,3916168,3938446,3600000,3600000,3600000,3600000,3600000,3600000,3600000,3913116,3925933,3929443,514,701,709,707,704,111,111,111,111,111,111,111,705,711,711,1000,1000,1000,1000,1000,1000,1000,1000,1000,1000,1000,1000,1000,1000,0,0,0,0,0,0,0,0,0,0,0,0,0,0,0,1681472204
3923645,3924560,3916473,3938751,3600000,3600000,3600000,3600000,3600000,3600000,3600000,3912200,3925170,3929290,515,701,709,707,704,111,111,111,111,111,111,111,705,711,711,1000,1000,1000,1000,1000,1000,1000,1000,1000,1000,1000,1000,1000,1000,0,0,0,0,0,0,0,0,0,0,0,0,0,0,0,1681472205
3923645,3925170,3916168,3938293,3600000,3600000,3600000,3600000,3600000,3600000,3600000,3912658,3924713,3928833,516,701,709,707,704,111,111,111,111,111,111,111,705,711,711,1000,1000,1000,1000,1000,1000,1000,1000,1000,1000,1000,1000,1000,1000,0,0,0,0,0,0,0,0,0,0,0,0,0,0,0,1681472206
3924255,3925018,3916320,3938140,3600000,3600000,3600000,3600000,3600000,3600000,3600000,3913116,3925628,3928985,514,701,709,707,704,111,111,111,111,111,111,111,705,711,711,1000,1000,1000,1000,1000,1000,1000,1000,1000,1000,1000,1000,1000,1000,0,0,0,0,0,0,0,0,0,0,0,0,0,0,0,1681472207
3923645,3925170,3916625,3938598,3600000,3600000,3600000,3600000,3600000,3600000,3600000,3913269,3925323,3929748,514,701,709,707,704,111,111,111,111,111,111,111,705,711,711,1000,1000,1000,1000,1000,1000,1000,1000,1000,1000,1000,1000,1000,1000,0,0,0,0,0,0,0,0,0,0,0,0,0,0,0,1681472208
3923339,3924713,3915710,3938446,3600000,3600000,3600000,3600000,3600000,3600000,3600000,3912658,3924865,3928527,514,701,709,707,704,111,111,111,111,111,111,111,705,711,711,1000,1000,1000,1000,1000,1000,1000,1000,1000,1000,1000,1000,1000,1000,0,0,0,0,0,0,0,0,0,0,0,0,0,0,0,1681472209
3923187,3924560,3916320,3938293,3600000,3600000,3600000,3600000,3600000,3600000,3600000,3911895,3925323,3928985,511,701,709,707,704,111,111,111,111,111,111,111,705,711,711,1000,1000,1000,1000,1000,1000,1000,1000,1000,1000,1000,1000,1000,1000,0,0,0,0,0,0,0,0,0,0,0,0,0,0,0,1681472210
3923492,3925781,3916473,3938293,3600000,3600000,3600000,3600000,3600000,3600000,3600000,3912200,3925781,3928985,514,700,708,706,703,110,110,110,110,110,110,110,704,710,710,1000,1000,1000,1000,1000,1000,1000,1000,1000,1000,1000,1000,1000,1000,0,0,0,0,0,0,0,0,0,0,0,0,0,0,0,1681472211
3923492,3924865,3916168,3937988,3600000,3600000,3600000,3600000,3600000,3600000,3600000,3912200,3924865,3928222,515,700,708,706,703,110,110,110,110,110,110,110,704,710,710,1000,1000,1000,1000,1000,1000,1000,1000,1000,1000,1000,1000,1000,1000,0,0,0,0,0,0,0,0,0,0,0,0,0,0,0,1681472212
3924102,3925170,3916473,3938293,3600000,3600000,3600000,3600000,3600000,3600000,3600000,3911743,3925018,3929138,513,700,708,706,703,110,110,110,110,110,110,110,704,710,710,1000,1000,1000,1000,1000,1000,1000,1000,1000,1000,1000,1000,1000,1000,0,0,0,0,0,0,0,0,0,0,0,0,0,0,0,1681472213
3923645,3924865,3916015,3938293,3600000,3600000,3600000,3600000,3600000,3600000,3600000,3912963,3925476,3929290,510,700,708,706,703,110,110,110,110,110,110,110,704,710,710,1000,1000,1000,1000,1000,1000,1000,1000,1000,1000,1000,1000,1000,1000,0,0,0,0,0,0,0,0,0,0,0,0,0,0,0,1681472214
3923645,3925018,3915405,3937377,3600000,3600000,3600000,3600000,3600000,3600000,3600000,3912200,3924865,3928833,514,700,708,706,703,110,110,110,110,110,110,110,704,710,710,1000,1000,1000,1000,1000,1000,1000,1000,1000,1000,1000,1000,1000,1000,0,0,0,0,0,0,0,0,0,0,0,0,0,0,0,1681472215
3922882,3924102,3915863,3937988,3600000,3600000,3600000,3600000,3600000,3600000,3600000,3911437,3923950,3928375,516,700,708,706,703,110,110,110,110,110,110,110,704,710,710,1000,1000,1000,1000,1000,1000,1000,1000,1000,1000,1000,1000,1000,1000,0,0,0,0,0,0,0,0,0,0,0,0,0,0,0,1681472216
3923339,3924865,3916320,3938140,3600000,3600000,3600000,3600000,3600000,3600000,3600000,3912200,3925323,3929595,514,700,708,706,703,110,110,110,110,110,110,110,704,710,710,1000,1000,1000,1000,1000,1000,1000,1000,1000,1000,1000,1000,1000,1000,0,0,0,0,0,0,0,0,0,0,0,0,0,0,0,1681472217
3923492,3924865,3916625,3938751,3600000,3600000,3600000,3600000,3600000,3600000,3600000,3912200,3925170,3928985,511,700,708,706,703,110,110,110,110,110,110,110,704,710,710,1000,1000,1000,1000,1000,1000,1000,1000,1000,1000,1000,1000,1000,1000,0,0,0,0,0,0,0,0,0,0,0,0,0,0,0,1681472218
3923034,3923950,3916168,3937988,3600000,3600000,3600000,3600000,3600000,3600000,3600000,3911743,3924560,3927764,514,700,708,706,703,110,110,110,110,110,110,110,704,710,710,1000,1000,1000,1000,1000,1000,1000,1000,1000,1000,1000,1000,1000,1000,0,0,0,0,0,0,0,0,0,0,0,0,0,0,0,1681472219
3923034,3924865,3916320,3938140,3600000,3600000,3600000,3600000,3600000,3600000,3600000,3911895,3925323,3928375,513,700,708,706,703,110,110,110,110,110,110,110,704,710,710,1000,1000,1000,1000,1000,1000,1000,1000,1000,1000,1000,1000,1000,1000,0,0,0,0,0,0,0,0,0,0,0,0,0,0,0,1681472220
3923187,3924713,3915710,3937988,3600000,3600000,3600000,3600000,3600000,3600000,3600000,3911743,3924713,3928375,513,700,708,706,703,110,110,110,110,110,110,110,704,710,710,1000,1000,1000,1000,1000,1000,1000,1000,1000,1000,1000,1000,1000,1000,0,0,0,0,0,0,0,0,0,0,0,0,0,0,0,1681472221
3923339,3924865,3915557,3937683,3600000,3600000,3600000,3600000,3600000,3600000,3600000,3911743,3924102,3927764,514,700,708,706,703,110,110,110,110,110,110,110,704,710,710,1000,1000,1000,1000,1000,1000,1000,1000,1000,1000,1000,1000,1000,1000,0,0,0,0,0,0,0,0,0,0,0,0,0,0,0,1681472222
3923339,3924865,3915710,3938446,3600000,3600000,3600000,3600000,3600000,3600000,3600000,3912353,3924407,3928833,513,700,708,706,703,110,110,110,110,110,110,110,704,710,710,1000,1000,1000,1000,1000,1000,1000,1000,1000,1000,1000,1000,1000,1000,0,0,0,0,0,0,0,0,0,0,0,0,0,0,0,1681472223
3923492,3924255,3915557,3937988,3600000,3600000,3600000,3600000,3600000,3600000,3600000,3912048,3924560,3928680,511,700,708,706,703,110,110,110,110,110,110,110,704,710,710,1000,1000,1000,1000,1000,1000,1000,1000,1000,1000,1000,1000,1000,1000,0,0,0,0,0,0,0,0,0,0,0,0,0,0,0,1681472224
3922882,3924407,3915252,3937683,3600000,3600000,3600000,3600000,3600000,3600000,3600000,3912200,3924560,3928527,514,700,708,706,703,110,110,110,110,110,110,110,704,710,710,1000,1000,1000,1000,1000,1000,1000,1000,1000,1000,1000,1000,1000,1000,0,0,0,0,0,0,0,0,0,0,0,0,0,0,0,1681472225
3922424,3924560,3915557,3938598,3600000,3600000,3600000,3600000,3600000,3600000,3600000,3912353,3924560,3928680,512,700,708,706,703,110,110,110,110,110,110,110,704,710,710,1000,1000,1000,1000,1000,1000,1000,1000,1000,1000,1000,1000,1000,1000,0,0,0,0,0,0,0,0,0,0,0,0,0,0,0,1681472226
3922424,3924255,3915557,3938293,3600000,3600000,3600000,3600000,3600000,3600000,3600000,3912048,3924865,3928070,513,700,708,706,703,110,110,110,110,110,110,110,704,710,710,1000,1000,1000,1000,1000,1000,1000,1000,1000,1000,1000,1000,1000,1000,0,0,0,0,0,0,0,0,0,0,0,0,0,0,0,1681472227
3923034,3924407,3915100,3937530,3600000,3600000,3600000,3600000,3600000,3600000,3600000,3912200,3924102,3928680,511,700,708,706,703,110,110,110,110,110,110,110,704,710,710,1000,1000,1000,1000,1000,1000,1000,1000,1000,1000,1000,1000,1000,1000,0,0,0,0,0,0,0,0,0,0,0,0,0,0,0,1681472228
3922119,3924102,3914642,3937225,3600000,3600000,3600000,3600000,3600000,3600000,3600000,3911743,3924407,3927459,515,700,708,706,703,110,110,110,110,110,110,110,704,710,710,1000,1000,1000,1000,1000,1000,1000,1000,1000,1000,1000,1000,1000,1000,0,0,0,0,0,0,0,0,0,0,0,0,0,0,0,1681472229
3923034,3923645,3915252,3937225,3600000,3600000,3600000,3600000,3600000,3600000,3600000,3911895,3924102,3927764,515,700,708,706,703,110,110,110,110,110,110,110,704,710,710,1000,1000,1000,1000,1000,1000,1000,1000,1000,1000,1000,1000,1000,1000,0,0,0,0,0,0,0,0,0,0,0,0,0,0,0,1681472230
3921966,3923034,3914489,3936614,3600000,3600000,3600000,3600000,3600000,3600000,3600000,3911132,3924102,3927612,517,699,707,705,702,109,109,109,109,109,109,109,703,709,709,1000,1000,1000,1000,1000,1000,1000,1000,1000,1000,1000,1000,1000,1000,0,0,0,0,0,0,0,0,0,0,0,0,0,0,0,1681472231
3922729,3924255,3915100,3937225,3600000,3600000,3600000,3600000,3600000,3600000,3600000,3912353,3924407,3927917,511,699,707,705,702,109,109,109,109,109,109,109,703,709,709,1000,1000,1000,1000,1000,1000,1000,1000,1000,1000,1000,1000,1000,1000,0,0,0,0,0,0,0,0,0,0,0,0,0,0,0,1681472232
3922271,3923797,3914794,3937377,3600000,3600000,3600000,3600000,3600000,3600000,3600000,3911437,3924407,3928070,512,699,707,705,702,109,109,109,109,109,109,109,703,709,709,1000,1000,1000,1000,1000,1000,1000,1000,1000,1000,1000,1000,1000,1000,0,0,0,0,0,0,0,0,0,0,0,0,0,0,0,1681472233
3922424,3923797,3915252,3937072,3600000,3600000,3600000,3600000,3600000,3600000,3600000,3911132,3923797,3927917,516,699,707,705,702,109,109,109,109,109,109,109,703,709,709,1000,1000,1000,1000,1000,1000,1000,1000,1000,1000,1000,1000,1000,1000,0,0,0,0,0,0,0,0,0,0,0,0,0,0,0,1681472234
3922882,3924102,3914947,3937225,3600000,3600000,3600000,3600000,3600000,3600000,3600000,3910522,3923950,3927917,514,699,707,705,702,109,109,109,109,109,109,109,703,709,709,1000,1000,1000,1000,1000,1000,1000,1000,1000,1000,1000,1000,1000,1000,0,0,0,0,0,0,0,0,0,0,0,0,0,0,0,1681472235
3922882,3924102,3915252,3937530,3600000,3600000,3600000,3600000,3600000,3600000,3600000,3910980,3923797,3928070,510,699,707,705,702,109,109,109,109,109,109,109,703,709,709,1000,1000,1000,1000,1000,1000,1000,1000,1000,1000,1000,1000,1000,1000,0,0,0,0,0,0,0,0,0,0,0,0,0,0,0,1681472236
3922882,3924102,3915863,3937377,3600000,3600000,3600000,3600000,3600000,3600000,3600000,3912048,3924255,3927459,512,699,707,705,702,109,109,109,109,109,109,109,703,709,709,1000,1000,1000,1000,1000,1000,1000,1000,1000,1000,1000,1000,1000,1000,0,0,0,0,0,0,0,0,0,0,0,0,0,0,0,1681472237
3922424,3923492,3914794,3936767,3600000,3600000,3600000,3600000,3600000,3600000,3600000,3911285,3923492,3927307,514,699,707,705,702,109,109,109,109,109,109,109,703,709,709,1000,1000,1000,1000,1000,1000,1000,1000,1000,1000,1000,1000,1000,1000,0,0,0,0,0,0,0,0,0,0,0,0,0,0,0,1681472238
3922729,3924102,3915100,3937225,3600000,3600000,3600000,3600000,3600000,3600000,3600000,3910827,3924255,3927459,515,699,707,705,702,109,109,109,109,109,109,109,703,709,709,1000,1000,1000,1000,1000,1000,1000,1000,1000,1000,1000,1000,1000,1000,0,0,0,0,0,0,0,0,0,0,0,0,0,0,0,1681472239
3922271,3924102,3915100,3936614,3600000,3600000,3600000,3600000,3600000,3600000,3600000,3911437,3924102,3927459,512,699,707,705,702,109,109,109,109,109,109,109,703,709,709,1000,1000,1000,1000,1000,1000,1000,1000,1000,1000,1000,1000,1000,1000,0,0,0,0,0,0,0,0,0,0,0,0,0,0,0,1681472240
3922271,3923492,3915252,3936920,3600000,3600000,3600000,3600000,3600000,3600000,3600000,3911132,3923645,3927764,513,699,707,705,702,109,109,109,109,109,109,109,703,709,709,1000,1000,1000,1000,1000,1000,1000,1000,1000,1000,1000,1000,1000,1000,0,0,0,0,0,0,0,0,0,0,0,0,0,0,0,1681472241
3921966,3923339,3915557,3937377,3600000,3600000,3600000,3600000,3600000,3600000,3600000,3911437,3923950,3927612,513,699,707,705,702,109,109,109,109,109,109,109,703,709,709,1000,1000,1000,1000,1000,1000,1000,1000,1000,1000,1000,1000,1000,1000,0,0,0,0,0,0,0,0,0,0,0,0,0,0,0,1681472242
3921966,3923645,3914337,3936309,3600000,3600000,3600000,3600000,3600000,3600000,3600000,3910827,3923187,3927154,514,699,707,705,702,109,109,109,109,109,109,109,703,709,709,1000,1000,1000,1000,1000,1000,1000,1000,1000,1000,1000,1000,1000,1000,0,0,0,0,0,0,0,0,0,0,0,0,0,0,0,1681472243
3921813,3923034,3914184,3936157,3600000,3600000,3600000,3600000,3600000,3600000,3600000,3910827,3923339,3927154,515,699,707,705,702,109,109,109,109,109,109,109,703,709,709,1000,1000,1000,1000,1000,1000,1000,1000,1000,1000,1000,1000,1000,1000,0,0,0,0,0,0,0,0,0,0,0,0,0,0,0,1681472244
3921661,3922576,3914031,3936157,3600000,3600000,3600000,3600000,3600000,3600000,3600000,3910980,3922882,3927001,515,699,707,705,702,109,109,109,109,109,109,109,703,709,709,1000,1000,1000,1000,1000,1000,1000,1000,1000,1000,1000,1000,1000,1000,0,0,0,0,0,0,0,0,0,0,0,0,0,0,0,1681472245
3921661,3923339,3914337,3936004,3600000,3600000,3600000,3600000,3600000,3600000,3600000,3910827,3924102,3927764,513,699,707,705,702,109,109,109,109,109,109,109,703,709,709,1000,1000,1000,1000,1000,1000,1000,1000,1000,1000,1000,1000,1000,1000,0,0,0,0,0,0,0,0,0,0,0,0,0,0,0,1681472246
3921508,3923492,3914794,3936462,3600000,3600000,3600000,3600000,3600000,3600000,3600000,3910827,3923950,3927154,513,699,707,705,702,109,109,109,109,109,109,109,703,709,709,1000,1000,1000,1000,1000,1000,1000,1000,1000,1000,1000,1000,1000,1000,0,0,0,0,0,0,0,0,0,0,0,0,0,0,0,1681472247
3921966,3923492,3913726,3936157,3600000,3600000,3600000,3600000,3600000,3600000,3600000,3911132,3923034,3927307,513,699,707,705,702,109,109,109,109,109,109,109,703,709,709,1000,1000,1000,1000,1000,1000,1000,1000,1000,1000,1000,1000,1000,1000,0,0,0,0,0,0,0,0,0,0,0,0,0,0,0,1681472248
3921356,3922729,3914337,3936614,3600000,3600000,3600000,3600000,3600000,3600000,3600000,3910980,3923492,3927612,514,699,707,705,702,109,109,109,109,109,109,109,703,709,709,1000,1000,1000,1000,1000,1000,1000,1000,1000,1000,1000,1000,1000,1000,0,0,0,0,0,0,0,0,0,0,0,0,0,0,0,1681472249
3921051,3923034,3914337,3936614,3600000,3600000,3600000,3600000,3600000,3600000,3600000,3910522,3922424,3926849,515,699,707,705,702,109,109,109,109,109,109,109,703,709,709,1000,1000,1000,1000,1000,1000,1000,1000,1000,1000,1000,1000,1000,1000,0,0,0,0,0,0,0,0,0,0,0,0,0,0,0,1681472250
3921508,3923034,3913726,3936157,3600000,3600000,3600000,3600000,3600000,3600000,3600000,3910827,3923187,3926696,514,698,706,704,701,108,108,108,108,108,108,108,702,708,708,1000,1000,1000,1000,1000,1000,1000,1000,1000,1000,1000,1000,1000,1000,0,0,0,0,0,0,0,0,0,0,0,0,0,0,0,1681472252
3921051,3922729,3914947,3937072,3600000,3600000,3600000,3600000,3600000,3600000,3600000,3911132,3923339,3927001,512,698,706,704,701,108,108,108,108,108,108,108,702,708,708,1000,1000,1000,1000,1000,1000,1000,1000,1000,1000,1000,1000,1000,1000,0,0,0,0,0,0,0,0,0,0,0,0,0,0,0,1681472252
3922576,3923797,3914794,3936462,3600000,3600000,3600000,3600000,3600000,3600000,3600000,3910522,3923187,3926544,509,698,706,704,701,108,108,108,108,108,108,108,702,708,708,1000,1000,1000,1000,1000,1000,1000,1000,1000,1000,1000,1000,1000,1000,0,0,0,0,0,0,0,0,0,0,0,0,0,0,0,1681472253
3921356,3922576,3914489,3935852,3600000,3600000,3600000,3600000,3600000,3600000,3600000,3910369,3923339,3926544,512,698,706,704,701,108,108,108,108,108,108,108,702,708,708,1000,1000,1000,1000,1000,1000,1000,1000,1000,1000,1000,1000,1000,1000,0,0,0,0,0,0,0,0,0,0,0,0,0,0,0,1681472254
3920898,3922882,3914337,3936462,3600000,3600000,3600000,3600000,3600000,3600000,3600000,3910827,3922882,3926544,513,698,706,704,701,108,108,108,108,108,108,108,702,708,708,1000,1000,1000,1000,1000,1000,1000,1000,1000,1000,1000,1000,1000,1000,0,0,0,0,0,0,0,0,0,0,0,0,0,0,0,1681472255
3921813,3923034,3913726,3936157,3600000,3600000,3600000,3600000,3600000,3600000,3600000,3909759,3923645,3927307,512,698,706,704,701,108,108,108,108,108,108,108,702,708,708,1000,1000,1000,1000,1000,1000,1000,1000,1000,1000,1000,1000,1000,1000,0,0,0,0,0,0,0,0,0,0,0,0,0,0,0,1681472256
3920593,3922271,3914031,3936157,3600000,3600000,3600000,3600000,3600000,3600000,3600000,3910064,3922424,3926391,514,698,706,704,701,108,108,108,108,108,108,108,702,708,708,1000,1000,1000,1000,1000,1000,1000,1000,1000,1000,1000,1000,1000,1000,0,0,0,0,0,0,0,0,0,0,0,0,0,0,0,1681472257
3921661,3923187,3913726,3935852,3600000,3600000,3600000,3600000,3600000,3600000,3600000,3910369,3922729,3927001,513,698,706,704,701,108,108,108,108,108,108,108,702,708,708,1000,1000,1000,1000,1000,1000,1000,1000,1000,1000,1000,1000,1000,1000,0,0,0,0,0,0,0,0,0,0,0,0,0,0,0,1681472258
3921051,3922729,3913879,3935852,3600000,3600000,3600000,3600000,3600000,3600000,3600000,3910217,3923187,3927001,513,698,706,704,701,108,108,108,108,108,108,108,702,708,708,1000,1000,1000,1000,1000,1000,1000,1000,1000,1000,1000,1000,1000,1000,0,0,0,0,0,0,0,0,0,0,0,0,0,0,0,1681472259
3921661,3923645,3914489,3935546,3600000,3600000,3600000,3600000,3600000,3600000,3600000,3910217,3922882,3926544,513,698,706,704,701,108,108,108,108,108,108,108,702,708,708,1000,1000,1000,1000,1000,1000,1000,1000,1000,1000,1000,1000,1000,1000,0,0,0,0,0,0,0,0,0,0,0,0,0,0,0,1681472260
3921356,3923187,3913726,3935394,3600000,3600000,3600000,3600000,3600000,3600000,3600000,3910217,3922576,3926391,511,698,706,704,701,108,108,108,108,108,108,108,702,708,708,1000,1000,1000,1000,1000,1000,1000,1000,1000,1000,1000,1000,1000,1000,0,0,0,0,0,0,0,0,0,0,0,0,0,0,0,1681472262
3920898,3922271,3914337,3935699,3600000,3600000,3600000,3600000,3600000,3600000,3600000,3910217,3922729,3926696,512,698,706,704,701,108,108,108,108,108,108,108,702,708,708,1000,1000,1000,1000,1000,1000,1000,1000,1000,1000,1000,1000,1000,1000,0,0,0,0,0,0,0,0,0,0,0,0,0,0,0,1681472263
3921203,3922424,3913574,3935394,3600000,3600000,3600000,3600000,3600000,3600000,3600000,3910827,3923339,3927154,511,698,706,704,701,108,108,108,108,108,108,108,702,708,708,1000,1000,1000,1000,1000,1000,1000,1000,1000,1000,1000,1000,1000,1000,0,0,0,0,0,0,0,0,0,0,0,0,0,0,0,1681472264
3921661,3922882,3913726,3935241,3600000,3600000,3600000,3600000,3600000,3600000,3600000,3910522,3922424,3926544,512,698,706,704,701,108,108,108,108,108,108,108,702,708,708,1000,1000,1000,1000,1000,1000,1000,1000,1000,1000,1000,1000,1000,1000,0,0,0,0,0,0,0,0,0,0,0,0,0,0,0,1681472265
3920898,3922424,3913574,3936004,3600000,3600000,3600000,3600000,3600000,3600000,3600000,3910980,3922729,3926696,512,698,706,704,701,108,108,108,108,108,108,108,702,708,708,1000,1000,1000,1000,1000,1000,1000,1000,1000,1000,1000,1000,1000,1000,0,0,0,0,0,0,0,0,0,0,0,0,0,0,0,1681472266
3921661,3923187,3913879,3935546,3600000,3600000,3600000,3600000,3600000,3600000,3600000,3910522,3923339,3927154,509,698,706,704,701,108,108,108,108,108,108,108,702,708,708,1000,1000,1000,1000,1000,1000,1000,1000,1000,1000,1000,1000,1000,1000,0,0,0,0,0,0,0,0,0,0,0,0,0,0,0,1681472267
3921203,3923187,3914184,3936309,3600000,3600000,3600000,3600000,3600000,3600000,3600000,3909606,3922882,3926391,510,698,706,704,701,108,108,108,108,108,108,108,702,708,708,1000,1000,1000,1000,1000,1000,1000,1000,1000,1000,1000,1000,1000,1000,0,0,0,0,0,0,0,0,0,0,0,0,0,0,0,1681472268
3920288,3921661,3913879,3935241,3600000,3600000,3600000,3600000,3600000,3600000,3600000,3910369,3922576,3926544,514,698,706,704,701,108,108,108,108,108,108,108,702,708,708,1000,1000,1000,1000,1000,1000,1000,1000,1000,1000,1000,1000,1000,1000,0,0,0,0,0,0,0,0,0,0,0,0,0,0,0,1681472269
3921051,3922729,3913726,3935546,3600000,3600000,3600000,3600000,3600000,3600000,3600000,3910064,3923034,3926696,511,698,706,704,701,108,108,108,108,108,108,108,702,708,708,1000,1000,1000,1000,1000,1000,1000,1000,1000,1000,1000,1000,1000,1000,0,0,0,0,0,0,0,0,0,0,0,0,0,0,0,1681472270
3921356,3922119,3913269,3936157,3600000,3600000,3600000,3600000,3600000,3600000,3600000,3910217,3922119,3926239,514,698,706,704,701,108,108,108,108,108,108,108,702,708,708,1000,1000,1000,1000,1000,1000,1000,1000,1000,1000,1000,1000,1000,1000,0,0,0,0,0,0,0,0,0,0,0,0,0,0,0,1681472271
3921051,3922119,3914184,3936004,3600000,3600000,3600000,3600000,3600000,3600000,3600000,3910064,3922424,3926696,508,697,705,703,700,107,107,107,107,107,107,107,701,707,707,1000,1000,1000,1000,1000,1000,1000,1000,1000,1000,1000,1000,1000,1000,0,0,0,0,0,0,0,0,0,0,0,0,0,0,0,1681472272
3920593,3921813,3914337,3936004,3600000,3600000,3600000,3600000,3600000,3600000,3600000,3909606,3922424,3926239,511,697,705,703,700,107,107,107,107,107,107,107,701,707,707,1000,1000,1000,1000,1000,1000,1000,1000,1000,1000,1000,1000,1000,1000,0,0,0,0,0,0,0,0,0,0,0,0,0,0,0,1681472273
3920898,3922424,3914337,3936157,3600000,3600000,3600000,3600000,3600000,3600000,3600000,3909454,3921966,3925933,511,697,705,703,700,107,107,107,107,107,107,107,701,707,707,1000,1000,1000,1000,1000,1000,1000,1000,1000,1000,1000,1000,1000,1000,0,0,0,0,0,0,0,0,0,0,0,0,0,0,0,1681472274
3920745,3922271,3913879,3935241,3600000,3600000,3600000,3600000,3600000,3600000,3600000,3909301,3922119,3926086,515,697,705,703,700,107,107,107,107,107,107,107,701,707,707,1000,1000,1000,1000,1000,1000,1000,1000,1000,1000,1000,1000,1000,1000,0,0,0,0,0,0,0,0,0,0,0,0,0,0,0,1681472275
3921661,3922729,3914031,3935394,3600000,3600000,3600000,3600000,3600000,3600000,3600000,3909606,3921813,3925781,514,697,705,703,700,107,107,107,107,107,107,107,701,707,707,1000,1000,1000,1000,1000,1000,1000,1000,1000,1000,1000,1000,1000,1000,0,0,0,0,0,0,0,0,0,0,0,0,0,0,0,1681472276
3920440,3921356,3913269,3934936,3600000,3600000,3600000,3600000,3600000,3600000,3600000,3908691,3921966,3925323,516,697,705,703,700,107,107,107,107,107,107,107,701,707,707,1000,1000,1000,1000,1000,1000,1000,1000,1000,1000,1000,1000,1000,1000,0,0,0,0,0,0,0,0,0,0,0,0,0,0,0,1681472277
3920135,3921813,3912658,3934936,3600000,3600000,3600000,3600000,3600000,3600000,3600000,3908843,3921203,3924713,516,697,705,703,700,107,107,107,107,107,107,107,701,707,707,1000,1000,1000,1000,1000,1000,1000,1000,1000,1000,1000,1000,1000,1000,0,0,0,0,0,0,0,0,0,0,0,0,0,0,0,1681472278
3920288,3921661,3913116,3935546,3600000,3600000,3600000,3600000,3600000,3600000,3600000,3908691,3921356,3925323,516,697,705,703,700,107,107,107,107,107,107,107,701,707,707,1000,1000,1000,1000,1000,1000,1000,1000,1000,1000,1000,1000,1000,1000,0,0,0,0,0,0,0,0,0,0,0,0,0,0,0,1681472279
3919982,3921356,3912811,3934326,3600000,3600000,3600000,3600000,3600000,3600000,3600000,3909301,3922576,3926239,515,697,705,703,700,107,107,107,107,107,107,107,701,707,707,1000,1000,1000,1000,1000,1000,1000,1000,1000,1000,1000,1000,1000,1000,0,0,0,0,0,0,0,0,0,0,0,0,0,0,0,1681472280
3920593,3922119,3912811,3935089,3600000,3600000,3600000,3600000,3600000,3600000,3600000,3908996,3921813,3925628,512,697,705,703,700,107,107,107,107,107,107,107,701,707,707,1000,1000,1000,1000,1000,1000,1000,1000,1000,1000,1000,1000,1000,1000,0,0,0,0,0,0,0,0,0,0,0,0,0,0,0,1681472281
3920745,3921813,3913269,3934631,3600000,3600000,3600000,3600000,3600000,3600000,3600000,3908996,3921508,3925476,510,697,705,703,700,107,107,107,107,107,107,107,701,707,707,1000,1000,1000,1000,1000,1000,1000,1000,1000,1000,1000,1000,1000,1000,0,0,0,0,0,0,0,0,0,0,0,0,0,0,0,1681472282
3920440,3921508,3913726,3935699,3600000,3600000,3600000,3600000,3600000,3600000,3600000,3910217,3922271,3925476,510,697,705,703,700,107,107,107,107,107,107,107,701,707,707,1000,1000,1000,1000,1000,1000,1000,1000,1000,1000,1000,1000,1000,1000,0,0,0,0,0,0,0,0,0,0,0,0,0,0,0,1681472283
3920135,3921508,3912811,3934783,3600000,3600000,3600000,3600000,3600000,3600000,3600000,3909759,3921813,3925628,513,697,705,703,700,107,107,107,107,107,107,107,701,707,707,1000,1000,1000,1000,1000,1000,1000,1000,1000,1000,1000,1000,1000,1000,0,0,0,0,0,0,0,0,0,0,0,0,0,0,0,1681472284
3920135,3921661,3913269,3935241,3600000,3600000,3600000,3600000,3600000,3600000,3600000,3909606,3922119,3925781,511,697,705,703,700,107,107,107,107,107,107,107,701,707,707,1000,1000,1000,1000,1000,1000,1000,1000,1000,1000,1000,1000,1000,1000,0,0,0,0,0,0,0,0,0,0,0,0,0,0,0,1681472285
3919525,3921966,3912506,3935241,3600000,3600000,3600000,3600000,3600000,3600000,3600000,3908538,3921508,3925018,513,697,705,703,700,107,107,107,107,107,107,107,701,707,707,1000,1000,1000,1000,1000,1000,1000,1000,1000,1000,1000,1000,1000,1000,0,0,0,0,0,0,0,0,0,0,0,0,0,0,0,1681472286
3920440,3922271,3913269,3935241,3600000,3600000,3600000,3600000,3600000,3600000,3600000,3908843,3921966,3925476,508,697,705,703,700,107,107,107,107,107,107,107,701,707,707,1000,1000,1000,1000,1000,1000,1000,1000,1000,1000,1000,1000,1000,1000,0,0,0,0,0,0,0,0,0,0,0,0,0,0,0,1681472287
3919982,3921813,3912963,3934631,3600000,3600000,3600000,3600000,3600000,3600000,3600000,3909301,3921661,3925018,509,697,705,703,700,107,107,107,107,107,107,107,701,707,707,1000,1000,1000,1000,1000,1000,1000,1000,1000,1000,1000,1000,1000,1000,0,0,0,0,0,0,0,0,0,0,0,0,0,0,0,1681472288
3919830,3921661,3912048,3934631,3600000,3600000,3600000,3600000,3600000,3600000,3600000,3908691,3921356,3925170,514,697,705,703,700,107,107,107,107,107,107,107,701,707,707,1000,1000,1000,1000,1000,1000,1000,1000,1000,1000,1000,1000,1000,1000,0,0,0,0,0,0,0,0,0,0,0,0,0,0,0,1681472289
3919982,3921356,3912658,3934936,3600000,3600000,3600000,3600000,3600000,3600000,3600000,3908691,3922119,3925476,513,697,705,703,700,107,107,107,107,107,107,107,701,707,707,1000,1000,1000,1000,1000,1000,1000,1000,1000,1000,1000,1000,1000,1000,0,0,0,0,0,0,0,0,0,0,0,0,0,0,0,1681472290
3919372,3921203,3913421,3934936,3600000,3600000,3600000,3600000,3600000,3600000,3600000,3908691,3921508,3925323,511,697,705,703,700,107,107,107,107,107,107,107,701,707,707,1000,1000,1000,1000,1000,1000,1000,1000,1000,1000,1000,1000,1000,1000,0,0,0,0,0,0,0,0,0,0,0,0,0,0,0,1681472291
3919525,3921051,3912506,3934326,3600000,3600000,3600000,3600000,3600000,3600000,3600000,3908538,3921356,3925170,511,697,705,703,700,107,107,107,107,107,107,107,701,707,707,1000,1000,1000,1000,1000,1000,1000,1000,1000,1000,1000,1000,1000,1000,0,0,0,0,0,0,0,0,0,0,0,0,0,0,0,1681472292
3919982,3921356,3912658,3934631,3600000,3600000,3600000,3600000,3600000,3600000,3600000,3908996,3921813,3925781,507,696,704,702,699,106,106,106,106,106,106,106,700,706,706,1000,1000,1000,1000,1000,1000,1000,1000,1000,1000,1000,1000,1000,1000,0,0,0,0,0,0,0,0,0,0,0,0,0,0,0,1681472293
3919372,3921203,3912506,3934173,3600000,3600000,3600000,3600000,3600000,3600000,3600000,3909149,3921203,3925170,511,696,704,702,699,106,106,106,106,106,106,106,700,706,706,1000,1000,1000,1000,1000,1000,1000,1000,1000,1000,1000,1000,1000,1000,0,0,0,0,0,0,0,0,0,0,0,0,0,0,0,1681472294
3919982,3921661,3912658,3934631,3600000,3600000,3600000,3600000,3600000,3600000,3600000,3908538,3921966,3925323,512,696,704,702,699,106,106,106,106,106,106,106,700,706,706,1000,1000,1000,1000,1000,1000,1000,1000,1000,1000,1000,1000,1000,1000,0,0,0,0,0,0,0,0,0,0,0,0,0,0,0,1681472295
3920440,3921203,3912506,3934173,3600000,3600000,3600000,3600000,3600000,3600000,3600000,3908691,3921356,3925476,511,696,704,702,699,106,106,106,106,106,106,106,700,706,706,1000,1000,1000,1000,1000,1000,1000,1000,1000,1000,1000,1000,1000,1000,0,0,0,0,0,0,0,0,0,0,0,0,0,0,0,1681472296
3919830,3921356,3912963,3934326,3600000,3600000,3600000,3600000,3600000,3600000,3600000,3908538,3921356,3924407,509,696,704,702,699,106,106,106,106,106,106,106,700,706,706,1000,1000,1000,1000,1000,1000,1000,1000,1000,1000,1000,1000,1000,1000,0,0,0,0,0,0,0,0,0,0,0,0,0,0,0,1681472297
3919830,3921203,3912200,3934631,3600000,3600000,3600000,3600000,3600000,3600000,3600000,3908691,3920898,3924560,513,696,704,702,699,106,106,106,106,106,106,106,700,706,706,1000,1000,1000,1000,1000,1000,1000,1000,1000,1000,1000,1000,1000,1000,0,0,0,0,0,0,0,0,0,0,0,0,0,0,0,1681472298
3919219,3920593,3912353,3934631,3600000,3600000,3600000,3600000,3600000,3600000,3600000,3908081,3921661,3924865,510,696,704,702,699,106,106,106,106,106,106,106,700,706,706,1000,1000,1000,1000,1000,1000,1000,1000,1000,1000,1000,1000,1000,1000,0,0,0,0,0,0,0,0,0,0,0,0,0,0,0,1681472299
3919067,3920593,3912048,3933563,3600000,3600000,3600000,3600000,3600000,3600000,3600000,3908081,3920593,3925018,514,696,704,702,699,106,106,106,106,106,106,106,700,706,706,1000,1000,1000,1000,1000,1000,1000,1000,1000,1000,1000,1000,1000,1000,0,0,0,0,0,0,0,0,0,0,0,0,0,0,0,1681472300
3918762,3921203,3912506,3934783,3600000,3600000,3600000,3600000,3600000,3600000,3600000,3908691,3920288,3924865,513,696,704,702,699,106,106,106,106,106,106,106,700,706,706,1000,1000,1000,1000,1000,1000,1000,1000,1000,1000,1000,1000,1000,1000,0,0,0,0,0,0,0,0,0,0,0,0,0,0,0,1681472301
3919830,3921203,3911743,3933715,3600000,3600000,3600000,3600000,3600000,3600000,3600000,3907775,3920288,3924560,514,696,704,702,699,106,106,106,106,106,106,106,700,706,706,1000,1000,1000,1000,1000,1000,1000,1000,1000,1000,1000,1000,1000,1000,0,0,0,0,0,0,0,0,0,0,0,0,0,0,0,1681472302
3919525,3921051,3911743,3933563,3600000,3600000,3600000,3600000,3600000,3600000,3600000,3908233,3920898,3924407,511,696,704,702,699,106,106,106,106,106,106,106,700,706,706,1000,1000,1000,1000,1000,1000,1000,1000,1000,1000,1000,1000,1000,1000,0,0,0,0,0,0,0,0,0,0,0,0,0,0,0,1681472303
3919372,3920745,3912048,3934326,3600000,3600000,3600000,3600000,3600000,3600000,3600000,3908081,3921356,3924865,511,696,704,702,699,106,106,106,106,106,106,106,700,706,706,1000,1000,1000,1000,1000,1000,1000,1000,1000,1000,1000,1000,1000,1000,0,0,0,0,0,0,0,0,0,0,0,0,0,0,0,1681472304
3919067,3920288,3911743,3933715,3600000,3600000,3600000,3600000,3600000,3600000,3600000,3908386,3921051,3924560,513,696,704,702,699,106,106,106,106,106,106,106,700,706,706,1000,1000,1000,1000,1000,1000,1000,1000,1000,1000,1000,1000,1000,1000,0,0,0,0,0,0,0,0,0,0,0,0,0,0,0,1681472305
3919067,3920745,3912200,3933868,3600000,3600000,3600000,3600000,3600000,3600000,3600000,3907623,3920593,3924255,514,696,704,702,699,106,106,106,106,106,106,106,700,706,706,1000,1000,1000,1000,1000,1000,1000,1000,1000,1000,1000,1000,1000,1000,0,0,0,0,0,0,0,0,0,0,0,0,0,0,0,1681472306
3918914,3920593,3911895,3933258,3600000,3600000,3600000,3600000,3600000,3600000,3600000,3907775,3920898,3924560,514,696,704,702,699,106,106,106,106,106,106,106,700,706,706,1000,1000,1000,1000,1000,1000,1000,1000,1000,1000,1000,1000,1000,1000,0,0,0,0,0,0,0,0,0,0,0,0,0,0,0,1681472307
3918609,3920440,3911743,3934173,3600000,3600000,3600000,3600000,3600000,3600000,3600000,3907775,3920440,3924560,513,696,704,702,699,106,106,106,106,106,106,106,700,706,706,1000,1000,1000,1000,1000,1000,1000,1000,1000,1000,1000,1000,1000,1000,0,0,0,0,0,0,0,0,0,0,0,0,0,0,0,1681472308
3919067,3920440,3911437,3933563,3600000,3600000,3600000,3600000,3600000,3600000,3600000,3908233,3920593,3923950,514,696,704,702,699,106,106,106,106,106,106,106,700,706,706,1000,1000,1000,1000,1000,1000,1000,1000,1000,1000,1000,1000,1000,1000,0,0,0,0,0,0,0,0,0,0,0,0,0,0,0,1681472309
3919067,3920898,3911437,3933563,3600000,3600000,3600000,3600000,3600000,3600000,3600000,3907470,3920288,3924560,512,696,704,702,699,106,106,106,106,106,106,106,700,706,706,1000,1000,1000,1000,1000,1000,1000,1000,1000,1000,1000,1000,1000,1000,0,0,0,0,0,0,0,0,0,0,0,0,0,0,0,1681472310
3918762,3920440,3911743,3933868,3600000,3600000,3600000,3600000,3600000,3600000,3600000,3907623,3920440,3923950,514,696,704,702,699,106,106,106,106,106,106,106,700,706,706,1000,1000,1000,1000,1000,1000,1000,1000,1000,1000,1000,1000,1000,1000,0,0,0,0,0,0,0,0,0,0,0,0,0,0,0,1681472311
3918609,3920288,3911437,3933410,3600000,3600000,3600000,3600000,3600000,3600000,3600000,3907775,3920440,3924255,514,696,704,702,699,106,106,106,106,106,106,106,700,706,706,1000,1000,1000,1000,1000,1000,1000,1000,1000,1000,1000,1000,1000,1000,0,0,0,0,0,0,0,0,0,0,0,0,0,0,0,1681472312
3918914,3920135,3911895,3933563,3600000,3600000,3600000,3600000,3600000,3600000,3600000,3907775,3921051,3924560,509,695,703,701,698,105,105,105,105,105,105,105,699,705,705,1000,1000,1000,1000,1000,1000,1000,1000,1000,1000,1000,1000,1000,1000,0,0,0,0,0,0,0,0,0,0,0,0,0,0,0,1681472313
3918914,3920440,3911437,3933105,3600000,3600000,3600000,3600000,3600000,3600000,3600000,3907928,3921356,3925018,512,695,703,701,698,105,105,105,105,105,105,105,699,705,705,1000,1000,1000,1000,1000,1000,1000,1000,1000,1000,1000,1000,1000,1000,0,0,0,0,0,0,0,0,0,0,0,0,0,0,0,1681472314
3919067,3920288,3910980,3933105,3600000,3600000,3600000,3600000,3600000,3600000,3600000,3907165,3920593,3924255,514,695,703,701,698,105,105,105,105,105,105,105,699,705,705,1000,1000,1000,1000,1000,1000,1000,1000,1000,1000,1000,1000,1000,1000,0,0,0,0,0,0,0,0,0,0,0,0,0,0,0,1681472315
3918914,3920745,3911590,3934173,3600000,3600000,3600000,3600000,3600000,3600000,3600000,3907318,3920135,3923950,513,695,703,701,698,105,105,105,105,105,105,105,699,705,705,1000,1000,1000,1000,1000,1000,1000,1000,1000,1000,1000,1000,1000,1000,0,0,0,0,0,0,0,0,0,0,0,0,0,0,0,1681472316
3918457,3919830,3911285,3932800,3600000,3600000,3600000,3600000,3600000,3600000,3600000,3907470,3920288,3923950,513,695,703,701,698,105,105,105,105,105,105,105,699,705,705,1000,1000,1000,1000,1000,1000,1000,1000,1000,1000,1000,1000,1000,1000,0,0,0,0,0,0,0,0,0,0,0,0,0,0,0,1681472317
3918609,3919525,3910675,3932342,3600000,3600000,3600000,3600000,3600000,3600000,3600000,3908081,3919525,3923645,515,695,703,701,698,105,105,105,105,105,105,105,699,705,705,1000,1000,1000,1000,1000,1000,1000,1000,1000,1000,1000,1000,1000,1000,0,0,0,0,0,0,0,0,0,0,0,0,0,0,0,1681472318
3918304,3919219,3910369,3932952,3600000,3600000,3600000,3600000,3600000,3600000,3600000,3906860,3919830,3923339,515,695,703,701,698,105,105,105,105,105,105,105,699,705,705,1000,1000,1000,1000,1000,1000,1000,1000,1000,1000,1000,1000,1000,1000,0,0,0,0,0,0,0,0,0,0,0,0,0,0,0,1681472319
3917694,3919525,3910980,3932495,3600000,3600000,3600000,3600000,3600000,3600000,3600000,3906707,3919525,3923339,516,695,703,701,698,105,105,105,105,105,105,105,699,705,705,1000,1000,1000,1000,1000,1000,1000,1000,1000,1000,1000,1000,1000,1000,0,0,0,0,0,0,0,0,0,0,0,0,0,0,0,1681472320
3918609,3920135,3910217,3932189,3600000,3600000,3600000,3600000,3600000,3600000,3600000,3907318,3919677,3923492,512,695,703,701,698,105,105,105,105,105,105,105,699,705,705,1000,1000,1000,1000,1000,1000,1000,1000,1000,1000,1000,1000,1000,1000,0,0,0,0,0,0,0,0,0,0,0,0,0,0,0,1681472321
3917846,3919219,3910827,3932342,3600000,3600000,3600000,3600000,3600000,3600000,3600000,3907012,3919525,3922424,515,695,703,701,698,105,105,105,105,105,105,105,699,705,705,1000,1000,1000,1000,1000,1000,1000,1000,1000,1000,1000,1000,1000,1000,0,0,0,0,0,0,0,0,0,0,0,0,0,0,0,1681472322
3918609,3919372,3911743,3933258,3600000,3600000,3600000,3600000,3600000,3600000,3600000,3907623,3920288,3923797,511,695,703,701,698,105,105,105,105,105,105,105,699,705,705,1000,1000,1000,1000,1000,1000,1000,1000,1000,1000,1000,1000,1000,1000,0,0,0,0,0,0,0,0,0,0,0,0,0,0,0,1681472323
3918457,3920288,3911437,3932952,3600000,3600000,3600000,3600000,3600000,3600000,3600000,3907318,3919982,3923797,513,695,703,701,698,105,105,105,105,105,105,105,699,705,705,1000,1000,1000,1000,1000,1000,1000,1000,1000,1000,1000,1000,1000,1000,0,0,0,0,0,0,0,0,0,0,0,0,0,0,0,1681472324
3918457,3919982,3910522,3932647,3600000,3600000,3600000,3600000,3600000,3600000,3600000,3907165,3920135,3923645,512,695,703,701,698,105,105,105,105,105,105,105,699,705,705,1000,1000,1000,1000,1000,1000,1000,1000,1000,1000,1000,1000,1000,1000,0,0,0,0,0,0,0,0,0,0,0,0,0,0,0,1681472325
3918609,3919677,3910522,3932342,3600000,3600000,3600000,3600000,3600000,3600000,3600000,3906402,3919525,3922729,515,695,703,701,698,105,105,105,105,105,105,105,699,705,705,1000,1000,1000,1000,1000,1000,1000,1000,1000,1000,1000,1000,1000,1000,0,0,0,0,0,0,0,0,0,0,0,0,0,0,0,1681472326
3917694,3919219,3910827,3933258,3600000,3600000,3600000,3600000,3600000,3600000,3600000,3906707,3918914,3922424,515,695,703,701,698,105,105,105,105,105,105,105,699,705,705,1000,1000,1000,1000,1000,1000,1000,1000,1000,1000,1000,1000,1000,1000,0,0,0,0,0,0,0,0,0,0,0,0,0,0,0,1681472327
3917083,3919067,3909912,3932342,3600000,3600000,3600000,3600000,3600000,3600000,3600000,3906250,3918762,3922576,518,695,703,701,698,105,105,105,105,105,105,105,699,705,705,1000,1000,1000,1000,1000,1000,1000,1000,1000,1000,1000,1000,1000,1000,0,0,0,0,0,0,0,0,0,0,0,0,0,0,0,1681472328
3918151,3919525,3910217,3932800,3600000,3600000,3600000,3600000,3600000,3600000,3600000,3907012,3919525,3923339,515,695,703,701,698,105,105,105,105,105,105,105,699,705,705,1000,1000,1000,1000,1000,1000,1000,1000,1000,1000,1000,1000,1000,1000,0,0,0,0,0,0,0,0,0,0,0,0,0,0,0,1681472329
3917388,3918914,3910217,3932342,3600000,3600000,3600000,3600000,3600000,3600000,3600000,3906402,3918762,3923492,516,695,703,701,698,105,105,105,105,105,105,105,699,705,705,1000,1000,1000,1000,1000,1000,1000,1000,1000,1000,1000,1000,1000,1000,0,0,0,0,0,0,0,0,0,0,0,0,0,0,0,1681472330
3917846,3919219,3910980,3932495,3600000,3600000,3600000,3600000,3600000,3600000,3600000,3906555,3919067,3923492,516,695,703,701,698,105,105,105,105,105,105,105,699,705,705,1000,1000,1000,1000,1000,1000,1000,1000,1000,1000,1000,1000,1000,1000,0,0,0,0,0,0,0,0,0,0,0,0,0,0,0,1681472331
3917846,3919219,3910675,3932800,3600000,3600000,3600000,3600000,3600000,3600000,3600000,3906707,3919372,3923187,514,694,702,700,697,104,104,104,104,104,104,104,698,704,704,1000,1000,1000,1000,1000,1000,1000,1000,1000,1000,1000,1000,1000,1000,0,0,0,0,0,0,0,0,0,0,0,0,0,0,0,1681472332
3918151,3918914,3910980,3932037,3600000,3600000,3600000,3600000,3600000,3600000,3600000,3906555,3919677,3923187,514,694,702,700,697,104,104,104,104,104,104,104,698,704,704,1000,1000,1000,1000,1000,1000,1000,1000,1000,1000,1000,1000,1000,1000,0,0,0,0,0,0,0,0,0,0,0,0,0,0,0,1681472333
3917541,3919219,3910369,3932342,3600000,3600000,3600000,3600000,3600000,3600000,3600000,3906555,3919067,3923187,512,694,702,700,697,104,104,104,104,104,104,104,698,704,704,1000,1000,1000,1000,1000,1000,1000,1000,1000,1000,1000,1000,1000,1000,0,0,0,0,0,0,0,0,0,0,0,0,0,0,0,1681472334
3917999,3918762,3910675,3932189,3600000,3600000,3600000,3600000,3600000,3600000,3600000,3906707,3918914,3922576,513,694,702,700,697,104,104,104,104,104,104,104,698,704,704,1000,1000,1000,1000,1000,1000,1000,1000,1000,1000,1000,1000,1000,1000,0,0,0,0,0,0,0,0,0,0,0,0,0,0,0,1681472335
3917236,3918457,3910522,3933105,3600000,3600000,3600000,3600000,3600000,3600000,3600000,3906707,3919372,3922576,512,694,702,700,697,104,104,104,104,104,104,104,698,704,704,1000,1000,1000,1000,1000,1000,1000,1000,1000,1000,1000,1000,1000,1000,0,0,0,0,0,0,0,0,0,0,0,0,0,0,0,1681472336
3917541,3918914,3910064,3932189,3600000,3600000,3600000,3600000,3600000,3600000,3600000,3906250,3919830,3922882,515,694,702,700,697,104,104,104,104,104,104,104,698,704,704,1000,1000,1000,1000,1000,1000,1000,1000,1000,1000,1000,1000,1000,1000,0,0,0,0,0,0,0,0,0,0,0,0,0,0,0,1681472337
3917236,3918914,3910980,3932342,3600000,3600000,3600000,3600000,3600000,3600000,3600000,3906860,3919219,3922729,514,694,702,700,697,104,104,104,104,104,104,104,698,704,704,1000,1000,1000,1000,1000,1000,1000,1000,1000,1000,1000,1000,1000,1000,0,0,0,0,0,0,0,0,0,0,0,0,0,0,0,1681472338
3917388,3919067,3910064,3932189,3600000,3600000,3600000,3600000,3600000,3600000,3600000,3906555,3919372,3923034,513,694,702,700,697,104,104,104,104,104,104,104,698,704,704,1000,1000,1000,1000,1000,1000,1000,1000,1000,1000,1000,1000,1000,1000,0,0,0,0,0,0,0,0,0,0,0,0,0,0,0,1681472339
3917694,3919372,3910980,3932495,3600000,3600000,3600000,3600000,3600000,3600000,3600000,3905944,3919677,3923492,510,694,702,700,697,104,104,104,104,104,104,104,698,704,704,1000,1000,1000,1000,1000,1000,1000,1000,1000,1000,1000,1000,1000,1000,0,0,0,0,0,0,0,0,0,0,0,0,0,0,0,1681472340
3917541,3918914,3909606,3931579,3600000,3600000,3600000,3600000,3600000,3600000,3600000,3906097,3918914,3922729,513,694,702,700,697,104,104,104,104,104,104,104,698,704,704,1000,1000,1000,1000,1000,1000,1000,1000,1000,1000,1000,1000,1000,1000,0,0,0,0,0,0,0,0,0,0,0,0,0,0,0,1681472341
3917541,3919067,3910522,3932342,3600000,3600000,3600000,3600000,3600000,3600000,3600000,3906250,3919219,3922424,513,694,702,700,697,104,104,104,104,104,104,104,698,704,704,1000,1000,1000,1000,1000,1000,1000,1000,1000,1000,1000,1000,1000,1000,0,0,0,0,0,0,0,0,0,0,0,0,0,0,0,1681472342
3917541,3918914,3909912,3932037,3600000,3600000,3600000,3600000,3600000,3600000,3600000,3906555,3918151,3922271,513,694,702,700,697,104,104,104,104,104,104,104,698,704,704,1000,1000,1000,1000,1000,1000,1000,1000,1000,1000,1000,1000,1000,1000,0,0,0,0,0,0,0,0,0,0,0,0,0,0,0,1681472343
3917388,3918609,3909912,3932189,3600000,3600000,3600000,3600000,3600000,3600000,3600000,3906250,3918762,3922424,512,694,702,700,697,104,104,104,104,104,104,104,698,704,704,1000,1000,1000,1000,1000,1000,1000,1000,1000,1000,1000,1000,1000,1000,0,0,0,0,0,0,0,0,0,0,0,0,0,0,0,1681472344
3916931,3918914,3910217,3932189,3600000,3600000,3600000,3600000,3600000,3600000,3600000,3906707,3918914,3922271,513,694,702,700,697,104,104,104,104,104,104,104,698,704,704,1000,1000,1000,1000,1000,1000,1000,1000,1000,1000,1000,1000,1000,1000,0,0,0,0,0,0,0,0,0,0,0,0,0,0,0,1681472345
3917388,3918304,3909759,3931732,3600000,3600000,3600000,3600000,3600000,3600000,3600000,3906250,3918151,3922882,516,694,702,700,697,104,104,104,104,104,104,104,698,704,704,1000,1000,1000,1000,1000,1000,1000,1000,1000,1000,1000,1000,1000,1000,0,0,0,0,0,0,0,0,0,0,0,0,0,0,0,1681472346
3917236,3918609,3909149,3931732,3600000,3600000,3600000,3600000,3600000,3600000,3600000,3905639,3918609,3922576,513,694,702,700,697,104,104,104,104,104,104,104,698,704,704,1000,1000,1000,1000,1000,1000,1000,1000,1000,1000,1000,1000,1000,1000,0,0,0,0,0,0,0,0,0,0,0,0,0,0,0,1681472347
3916625,3918609,3909759,3931427,3600000,3600000,3600000,3600000,3600000,3600000,3600000,3905944,3918762,3922119,515,694,702,700,697,104,104,104,104,104,104,104,698,704,704,1000,1000,1000,1000,1000,1000,1000,1000,1000,1000,1000,1000,1000,1000,0,0,0,0,0,0,0,0,0,0,0,0,0,0,0,1681472348
3916015,3918304,3909606,3930969,3600000,3600000,3600000,3600000,3600000,3600000,3600000,3905181,3918151,3921661,517,694,702,700,697,104,104,104,104,104,104,104,698,704,704,1000,1000,1000,1000,1000,1000,1000,1000,1000,1000,1000,1000,1000,1000,0,0,0,0,0,0,0,0,0,0,0,0,0,0,0,1681472349
3916931,3918151,3908843,3930664,3600000,3600000,3600000,3600000,3600000,3600000,3600000,3905487,3918151,3921966,516,694,702,700,697,104,104,104,104,104,104,104,698,704,704,1000,1000,1000,1000,1000,1000,1000,1000,1000,1000,1000,1000,1000,1000,0,0,0,0,0,0,0,0,0,0,0,0,0,0,0,1681472350
3917083,3918609,3909912,3931427,3600000,3600000,3600000,3600000,3600000,3600000,3600000,3906402,3919372,3922882,512,694,702,700,697,104,104,104,104,104,104,104,698,704,704,1000,1000,1000,1000,1000,1000,1000,1000,1000,1000,1000,1000,1000,1000,0,0,0,0,0,0,0,0,0,0,0,0,0,0,0,1681472351
3916778,3918151,3909606,3931579,3600000,3600000,3600000,3600000,3600000,3600000,3600000,3906402,3919067,3922882,511,693,701,699,696,103,103,103,103,103,103,103,697,703,703,1000,1000,1000,1000,1000,1000,1000,1000,1000,1000,1000,1000,1000,1000,0,0,0,0,0,0,0,0,0,0,0,0,0,0,0,1681472352
3916473,3918609,3909606,3931884,3600000,3600000,3600000,3600000,3600000,3600000,3600000,3905639,3918151,3921661,513,693,701,699,696,103,103,103,103,103,103,103,697,703,703,1000,1000,1000,1000,1000,1000,1000,1000,1000,1000,1000,1000,1000,1000,0,0,0,0,0,0,0,0,0,0,0,0,0,0,0,1681472353
3917236,3918609,3909606,3931579,3600000,3600000,3600000,3600000,3600000,3600000,3600000,3905944,3918151,3922119,514,693,701,699,696,103,103,103,103,103,103,103,697,703,703,1000,1000,1000,1000,1000,1000,1000,1000,1000,1000,1000,1000,1000,1000,0,0,0,0,0,0,0,0,0,0,0,0,0,0,0,1681472354
3916320,3917694,3909301,3930969,3600000,3600000,3600000,3600000,3600000,3600000,3600000,3905639,3917388,3921203,514,693,701,699,696,103,103,103,103,103,103,103,697,703,703,1000,1000,1000,1000,1000,1000,1000,1000,1000,1000,1000,1000,1000,1000,0,0,0,0,0,0,0,0,0,0,0,0,0,0,0,1681472355
3917083,3918609,3908843,3930969,3600000,3600000,3600000,3600000,3600000,3600000,3600000,3905639,3918151,3921813,515,693,701,699,696,103,103,103,103,103,103,103,697,703,703,1000,1000,1000,1000,1000,1000,1000,1000,1000,1000,1000,1000,1000,1000,0,0,0,0,0,0,0,0,0,0,0,0,0,0,0,1681472356
3916778,3918609,3909454,3931427,3600000,3600000,3600000,3600000,3600000,3600000,3600000,3905944,3918457,3921661,512,693,701,699,696,103,103,103,103,103,103,103,697,703,703,1000,1000,1000,1000,1000,1000,1000,1000,1000,1000,1000,1000,1000,1000,0,0,0,0,0,0,0,0,0,0,0,0,0,0,0,1681472357
3917236,3919067,3908691,3930969,3600000,3600000,3600000,3600000,3600000,3600000,3600000,3905181,3918609,3922729,513,693,701,699,696,103,103,103,103,103,103,103,697,703,703,1000,1000,1000,1000,1000,1000,1000,1000,1000,1000,1000,1000,1000,1000,0,0,0,0,0,0,0,0,0,0,0,0,0,0,0,1681472358
3917083,3918457,3909759,3931274,3600000,3600000,3600000,3600000,3600000,3600000,3600000,3904876,3918304,3922729,514,693,701,699,696,103,103,103,103,103,103,103,697,703,703,1000,1000,1000,1000,1000,1000,1000,1000,1000,1000,1000,1000,1000,1000,0,0,0,0,0,0,0,0,0,0,0,0,0,0,0,1681472359
3916320,3918151,3909912,3931579,3600000,3600000,3600000,3600000,3600000,3600000,3600000,3905792,3917694,3921661,511,693,701,699,696,103,103,103,103,103,103,103,697,703,703,1000,1000,1000,1000,1000,1000,1000,1000,1000,1000,1000,1000,1000,1000,0,0,0,0,0,0,0,0,0,0,0,0,0,0,0,1681472360
3917236,3918762,3909301,3931274,3600000,3600000,3600000,3600000,3600000,3600000,3600000,3905487,3918609,3922119,511,693,701,699,696,103,103,103,103,103,103,103,697,703,703,1000,1000,1000,1000,1000,1000,1000,1000,1000,1000,1000,1000,1000,1000,0,0,0,0,0,0,0,0,0,0,0,0,0,0,0,1681472361
3916320,3917846,3909912,3930969,3600000,3600000,3600000,3600000,3600000,3600000,3600000,3904724,3918609,3922576,511,693,701,699,696,103,103,103,103,103,103,103,697,703,703,1000,1000,1000,1000,1000,1000,1000,1000,1000,1000,1000,1000,1000,1000,0,0,0,0,0,0,0,0,0,0,0,0,0,0,0,1681472362
3915863,3917846,3908843,3930816,3600000,3600000,3600000,3600000,3600000,3600000,3600000,3904724,3917541,3921203,515,693,701,699,696,103,103,103,103,103,103,103,697,703,703,1000,1000,1000,1000,1000,1000,1000,1000,1000,1000,1000,1000,1000,1000,0,0,0,0,0,0,0,0,0,0,0,0,0,0,0,1681472363
3916473,3917541,3910064,3931884,3600000,3600000,3600000,3600000,3600000,3600000,3600000,3905639,3918304,3921508,513,693,701,699,696,103,103,103,103,103,103,103,697,703,703,1000,1000,1000,1000,1000,1000,1000,1000,1000,1000,1000,1000,1000,1000,0,0,0,0,0,0,0,0,0,0,0,0,0,0,0,1681472364
3916473,3918609,3908843,3930358,3600000,3600000,3600000,3600000,3600000,3600000,3600000,3905639,3918151,3922119,512,693,701,699,696,103,103,103,103,103,103,103,697,703,703,1000,1000,1000,1000,1000,1000,1000,1000,1000,1000,1000,1000,1000,1000,0,0,0,0,0,0,0,0,0,0,0,0,0,0,0,1681472365
3915710,3917541,3908538,3930358,3600000,3600000,3600000,3600000,3600000,3600000,3600000,3904418,3917541,3920745,517,693,701,699,696,103,103,103,103,103,103,103,697,703,703,1000,1000,1000,1000,1000,1000,1000,1000,1000,1000,1000,1000,1000,1000,0,0,0,0,0,0,0,0,0,0,0,0,0,0,0,1681472366
3915405,3917236,3908843,3930206,3600000,3600000,3600000,3600000,3600000,3600000,3600000,3904724,3917083,3921203,516,693,701,699,696,103,103,103,103,103,103,103,697,703,703,1000,1000,1000,1000,1000,1000,1000,1000,1000,1000,1000,1000,1000,1000,0,0,0,0,0,0,0,0,0,0,0,0,0,0,0,1681472367
3915863,3917694,3908996,3930358,3600000,3600000,3600000,3600000,3600000,3600000,3600000,3904266,3917388,3921051,516,693,701,699,696,103,103,103,103,103,103,103,697,703,703,1000,1000,1000,1000,1000,1000,1000,1000,1000,1000,1000,1000,1000,1000,0,0,0,0,0,0,0,0,0,0,0,0,0,0,0,1681472368
3915557,3917694,3908996,3930816,3600000,3600000,3600000,3600000,3600000,3600000,3600000,3905029,3917846,3921356,514,693,701,699,696,103,103,103,103,103,103,103,697,703,703,1000,1000,1000,1000,1000,1000,1000,1000,1000,1000,1000,1000,1000,1000,0,0,0,0,0,0,0,0,0,0,0,0,0,0,0,1681472369
3915710,3917236,3908843,3930358,3600000,3600000,3600000,3600000,3600000,3600000,3600000,3903808,3917846,3921813,515,693,701,699,696,103,103,103,103,103,103,103,697,703,703,1000,1000,1000,1000,1000,1000,1000,1000,1000,1000,1000,1000,1000,1000,0,0,0,0,0,0,0,0,0,0,0,0,0,0,0,1681472370
3915863,3917236,3908233,3930511,3600000,3600000,3600000,3600000,3600000,3600000,3600000,3905029,3917083,3920745,514,693,701,699,696,103,103,103,103,103,103,103,697,703,703,1000,1000,1000,1000,1000,1000,1000,1000,1000,1000,1000,1000,1000,1000,0,0,0,0,0,0,0,0,0,0,0,0,0,0,0,1681472371
3916320,3917541,3908843,3930511,3600000,3600000,3600000,3600000,3600000,3600000,3600000,3905029,3916473,3920440,514,692,700,698,695,102,102,102,102,102,102,102,696,702,702,1000,1000,1000,1000,1000,1000,1000,1000,1000,1000,1000,1000,1000,1000,0,0,0,0,0,0,0,0,0,0,0,0,0,0,0,1681472372
3916473,3917541,3908843,3931121,3600000,3600000,3600000,3600000,3600000,3600000,3600000,3904571,3917388,3920745,510,692,700,698,695,102,102,102,102,102,102,102,696,702,702,1000,1000,1000,1000,1000,1000,1000,1000,1000,1000,1000,1000,1000,1000,0,0,0,0,0,0,0,0,0,0,0,0,0,0,0,1681472373
3916015,3917541,3908843,3930969,3600000,3600000,3600000,3600000,3600000,3600000,3600000,3905334,3917999,3921508,512,692,700,698,695,102,102,102,102,102,102,102,696,702,702,1000,1000,1000,1000,1000,1000,1000,1000,1000,1000,1000,1000,1000,1000,0,0,0,0,0,0,0,0,0,0,0,0,0,0,0,1681472374
3915710,3917236,3909454,3930664,3600000,3600000,3600000,3600000,3600000,3600000,3600000,3905029,3918304,3921813,512,692,700,698,695,102,102,102,102,102,102,102,696,702,702,1000,1000,1000,1000,1000,1000,1000,1000,1000,1000,1000,1000,1000,1000,0,0,0,0,0,0,0,0,0,0,0,0,0,0,0,1681472375
3915710,3917541,3908386,3930053,3600000,3600000,3600000,3600000,3600000,3600000,3600000,3905181,3917388,3920898,513,692,700,698,695,102,102,102,102,102,102,102,696,702,702,1000,1000,1000,1000,1000,1000,1000,1000,1000,1000,1000,1000,1000,1000,0,0,0,0,0,0,0,0,0,0,0,0,0,0,0,1681472376
3916473,3918151,3908843,3930816,3600000,3600000,3600000,3600000,3600000,3600000,3600000,3905487,3917541,3920898,511,692,700,698,695,102,102,102,102,102,102,102,696,702,702,1000,1000,1000,1000,1000,1000,1000,1000,1000,1000,1000,1000,1000,1000,0,0,0,0,0,0,0,0,0,0,0,0,0,0,0,1681472377
3915710,3917388,3907928,3929595,3600000,3600000,3600000,3600000,3600000,3600000,3600000,3904876,3917083,3921051,515,692,700,698,695,102,102,102,102,102,102,102,696,702,702,1000,1000,1000,1000,1000,1000,1000,1000,1000,1000,1000,1000,1000,1000,0,0,0,0,0,0,0,0,0,0,0,0,0,0,0,1681472378
3915710,3917083,3908691,3930511,3600000,3600000,3600000,3600000,3600000,3600000,3600000,3905029,3917846,3921203,512,692,700,698,695,102,102,102,102,102,102,102,696,702,702,1000,1000,1000,1000,1000,1000,1000,1000,1000,1000,1000,1000,1000,1000,0,0,0,0,0,0,0,0,0,0,0,0,0,0,0,1681472379
3916168,3917541,3908691,3929901,3600000,3600000,3600000,3600000,3600000,3600000,3600000,3905487,3918151,3921508,509,692,700,698,695,102,102,102,102,102,102,102,696,702,702,1000,1000,1000,1000,1000,1000,1000,1000,1000,1000,1000,1000,1000,1000,0,0,0,0,0,0,0,0,0,0,0,0,0,0,0,1681472380
3915100,3917388,3908386,3930206,3600000,3600000,3600000,3600000,3600000,3600000,3600000,3905181,3917388,3921203,509,692,700,698,695,102,102,102,102,102,102,102,696,702,702,1000,1000,1000,1000,1000,1000,1000,1000,1000,1000,1000,1000,1000,1000,0,0,0,0,0,0,0,0,0,0,0,0,0,0,0,1681472381
3915405,3916320,3908233,3930053,3600000,3600000,3600000,3600000,3600000,3600000,3600000,3904113,3917236,3920745,513,692,700,698,695,102,102,102,102,102,102,102,696,702,702,1000,1000,1000,1000,1000,1000,1000,1000,1000,1000,1000,1000,1000,1000,0,0,0,0,0,0,0,0,0,0,0,0,0,0,0,1681472382
3915405,3917388,3909454,3930358,3600000,3600000,3600000,3600000,3600000,3600000,3600000,3904113,3916473,3920440,513,692,700,698,695,102,102,102,102,102,102,102,696,702,702,1000,1000,1000,1000,1000,1000,1000,1000,1000,1000,1000,1000,1000,1000,0,0,0,0,0,0,0,0,0,0,0,0,0,0,0,1681472383
3915405,3917999,3908386,3929901,3600000,3600000,3600000,3600000,3600000,3600000,3600000,3904876,3916625,3920593,512,692,700,698,695,102,102,102,102,102,102,102,696,702,702,1000,1000,1000,1000,1000,1000,1000,1000,1000,1000,1000,1000,1000,1000,0,0,0,0,0,0,0,0,0,0,0,0,0,0,0,1681472384
3914947,3916473,3908233,3929748,3600000,3600000,3600000,3600000,3600000,3600000,3600000,3903808,3916473,3920135,515,692,700,698,695,102,102,102,102,102,102,102,696,702,702,1000,1000,1000,1000,1000,1000,1000,1000,1000,1000,1000,1000,1000,1000,0,0,0,0,0,0,0,0,0,0,0,0,0,0,0,1681472385
3915405,3917388,3907623,3929138,3600000,3600000,3600000,3600000,3600000,3600000,3600000,3904724,3916931,3921051,514,692,700,698,695,102,102,102,102,102,102,102,696,702,702,1000,1000,1000,1000,1000,1000,1000,1000,1000,1000,1000,1000,1000,1000,0,0,0,0,0,0,0,0,0,0,0,0,0,0,0,1681472386
3915252,3916473,3907623,3930053,3600000,3600000,3600000,3600000,3600000,3600000,3600000,3903961,3916931,3920593,512,692,700,698,695,102,102,102,102,102,102,102,696,702,702,1000,1000,1000,1000,1000,1000,1000,1000,1000,1000,1000,1000,1000,1000,0,0,0,0,0,0,0,0,0,0,0,0,0,0,0,1681472387
3914794,3916625,3907623,3929748,3600000,3600000,3600000,3600000,3600000,3600000,3600000,3903656,3916778,3919830,518,692,700,698,695,102,102,102,102,102,102,102,696,702,702,1000,1000,1000,1000,1000,1000,1000,1000,1000,1000,1000,1000,1000,1000,0,0,0,0,0,0,0,0,0,0,0,0,0,0,0,1681472388
3914184,3915710,3907623,3929443,3600000,3600000,3600000,3600000,3600000,3600000,3600000,3904266,3915863,3919830,517,692,700,698,695,102,102,102,102,102,102,102,696,702,702,1000,1000,1000,1000,1000,1000,1000,1000,1000,1000,1000,1000,1000,1000,0,0,0,0,0,0,0,0,0,0,0,0,0,0,0,1681472389
3914489,3915710,3908386,3929443,3600000,3600000,3600000,3600000,3600000,3600000,3600000,3904418,3916625,3920440,512,692,700,698,695,102,102,102,102,102,102,102,696,702,702,1000,1000,1000,1000,1000,1000,1000,1000,1000,1000,1000,1000,1000,1000,0,0,0,0,0,0,0,0,0,0,0,0,0,0,0,1681472390
3914642,3916473,3907775,3929290,3600000,3600000,3600000,3600000,3600000,3600000,3600000,3903198,3916473,3920135,516,692,700,698,695,102,102,102,102,102,102,102,696,702,702,1000,1000,1000,1000,1000,1000,1000,1000,1000,1000,1000,1000,1000,1000,0,0,0,0,0,0,0,0,0,0,0,0,0,0,0,1681472391
3915252,3916473,3907928,3929748,3600000,3600000,3600000,3600000,3600000,3600000,3600000,3903808,3916320,3920135,514,691,699,697,694,101,101,101,101,101,101,101,695,701,701,1000,1000,1000,1000,1000,1000,1000,1000,1000,1000,1000,1000,1000,1000,0,0,0,0,0,0,0,0,0,0,0,0,0,0,0,1681472392
3914794,3916168,3907623,3929595,3600000,3600000,3600000,3600000,3600000,3600000,3600000,3904266,3916473,3919830,513,691,699,697,694,101,101,101,101,101,101,101,695,701,701,1000,1000,1000,1000,1000,1000,1000,1000,1000,1000,1000,1000,1000,1000,0,0,0,0,0,0,0,0,0,0,0,0,0,0,0,1681472393
3914642,3915710,3907165,3928985,3600000,3600000,3600000,3600000,3600000,3600000,3600000,3902893,3915405,3919372,517,691,699,697,694,101,101,101,101,101,101,101,695,701,701,1000,1000,1000,1000,1000,1000,1000,1000,1000,1000,1000,1000,1000,1000,0,0,0,0,0,0,0,0,0,0,0,0,0,0,0,1681472394
3914337,3915710,3907165,3928833,3600000,3600000,3600000,3600000,3600000,3600000,3600000,3903656,3916015,3919677,515,691,699,697,694,101,101,101,101,101,101,101,695,701,701,1000,1000,1000,1000,1000,1000,1000,1000,1000,1000,1000,1000,1000,1000,0,0,0,0,0,0,0,0,0,0,0,0,0,0,0,1681472395
3914184,3916168,3907318,3928680,3600000,3600000,3600000,3600000,3600000,3600000,3600000,3903656,3915863,3919525,515,691,699,697,694,101,101,101,101,101,101,101,695,701,701,1000,1000,1000,1000,1000,1000,1000,1000,1000,1000,1000,1000,1000,1000,0,0,0,0,0,0,0,0,0,0,0,0,0,0,0,1681472396
3914489,3916320,3907623,3928985,3600000,3600000,3600000,3600000,3600000,3600000,3600000,3903198,3916320,3919982,515,691,699,697,694,101,101,101,101,101,101,101,695,701,701,1000,1000,1000,1000,1000,1000,1000,1000,1000,1000,1000,1000,1000,1000,0,0,0,0,0,0,0,0,0,0,0,0,0,0,0,1681472397
3914184,3916320,3907318,3929443,3600000,3600000,3600000,3600000,3600000,3600000,3600000,3904113,3916320,3919372,514,691,699,697,694,101,101,101,101,101,101,101,695,701,701,1000,1000,1000,1000,1000,1000,1000,1000,1000,1000,1000,1000,1000,1000,0,0,0,0,0,0,0,0,0,0,0,0,0,0,0,1681472398
3914031,3916625,3907775,3929443,3600000,3600000,3600000,3600000,3600000,3600000,3600000,3903503,3916015,3919982,512,691,699,697,694,101,101,101,101,101,101,101,695,701,701,1000,1000,1000,1000,1000,1000,1000,1000,1000,1000,1000,1000,1000,1000,0,0,0,0,0,0,0,0,0,0,0,0,0,0,0,1681472399
3914031,3915863,3907623,3929290,3600000,3600000,3600000,3600000,3600000,3600000,3600000,3903808,3916015,3920135,514,691,699,697,694,101,101,101,101,101,101,101,695,701,701,1000,1000,1000,1000,1000,1000,1000,1000,1000,1000,1000,1000,1000,1000,0,0,0,0,0,0,0,0,0,0,0,0,0,0,0,1681472400
3914489,3916320,3907165,3928833,3600000,3600000,3600000,3600000,3600000,3600000,3600000,3903350,3915557,3919677,518,691,699,697,694,101,101,101,101,101,101,101,695,701,701,1000,1000,1000,1000,1000,1000,1000,1000,1000,1000,1000,1000,1000,1000,0,0,0,0,0,0,0,0,0,0,0,0,0,0,0,1681472401
3914489,3916015,3907775,3929138,3600000,3600000,3600000,3600000,3600000,3600000,3600000,3903808,3915710,3920135,513,691,699,697,694,101,101,101,101,101,101,101,695,701,701,1000,1000,1000,1000,1000,1000,1000,1000,1000,1000,1000,1000,1000,1000,0,0,0,0,0,0,0,0,0,0,0,0,0,0,0,1681472402
3914337,3916015,3907623,3928833,3600000,3600000,3600000,3600000,3600000,3600000,3600000,3903045,3916473,3920593,512,691,699,697,694,101,101,101,101,101,101,101,695,701,701,1000,1000,1000,1000,1000,1000,1000,1000,1000,1000,1000,1000,1000,1000,0,0,0,0,0,0,0,0,0,0,0,0,0,0,0,1681472403
3914031,3915252,3906860,3928375,3600000,3600000,3600000,3600000,3600000,3600000,3600000,3903045,3916015,3919525,515,691,699,697,694,101,101,101,101,101,101,101,695,701,701,1000,1000,1000,1000,1000,1000,1000,1000,1000,1000,1000,1000,1000,1000,0,0,0,0,0,0,0,0,0,0,0,0,0,0,0,1681472404
3914184,3915405,3907012,3928833,3600000,3600000,3600000,3600000,3600000,3600000,3600000,3903350,3916015,3919372,514,691,699,697,694,101,101,101,101,101,101,101,695,701,701,1000,1000,1000,1000,1000,1000,1000,1000,1000,1000,1000,1000,1000,1000,0,0,0,0,0,0,0,0,0,0,0,0,0,0,0,1681472405
3914489,3915557,3907012,3928222,3600000,3600000,3600000,3600000,3600000,3600000,3600000,3903656,3915405,3919677,514,691,699,697,694,101,101,101,101,101,101,101,695,701,701,1000,1000,1000,1000,1000,1000,1000,1000,1000,1000,1000,1000,1000,1000,0,0,0,0,0,0,0,0,0,0,0,0,0,0,0,1681472406
3913269,3915405,3906555,3927917,3600000,3600000,3600000,3600000,3600000,3600000,3600000,3903350,3915252,3919372,515,691,699,697,694,101,101,101,101,101,101,101,695,701,701,1000,1000,1000,1000,1000,1000,1000,1000,1000,1000,1000,1000,1000,1000,0,0,0,0,0,0,0,0,0,0,0,0,0,0,0,1681472407
3913421,3915100,3906250,3928222,3600000,3600000,3600000,3600000,3600000,3600000,3600000,3902435,3916015,3919830,515,691,699,697,694,101,101,101,101,101,101,101,695,701,701,1000,1000,1000,1000,1000,1000,1000,1000,1000,1000,1000,1000,1000,1000,0,0,0,0,0,0,0,0,0,0,0,0,0,0,0,1681472408
3913574,3915252,3906555,3928375,3600000,3600000,3600000,3600000,3600000,3600000,3600000,3903198,3915405,3919219,516,691,699,697,694,101,101,101,101,101,101,101,695,701,701,1000,1000,1000,1000,1000,1000,1000,1000,1000,1000,1000,1000,1000,1000,0,0,0,0,0,0,0,0,0,0,0,0,0,0,0,1681472409
3913116,3915100,3907012,3928985,3600000,3600000,3600000,3600000,3600000,3600000,3600000,3903045,3915710,3919677,516,691,699,697,694,101,101,101,101,101,101,101,695,701,701,1000,1000,1000,1000,1000,1000,1000,1000,1000,1000,1000,1000,1000,1000,0,0,0,0,0,0,0,0,0,0,0,0,0,0,0,1681472410
3914031,3915252,3906707,3928070,3600000,3600000,3600000,3600000,3600000,3600000,3600000,3902587,3915100,3919067,515,691,699,697,694,101,101,101,101,101,101,101,695,701,701,1000,1000,1000,1000,1000,1000,1000,1000,1000,1000,1000,1000,1000,1000,0,0,0,0,0,0,0,0,0,0,0,0,0,0,0,1681472411
3914031,3915252,3906250,3928222,3600000,3600000,3600000,3600000,3600000,3600000,3600000,3902893,3915252,3918914,516,690,698,696,693,100,100,100,100,100,100,100,694,700,700,1000,1000,1000,1000,1000,1000,1000,1000,1000,1000,1000,1000,1000,1000,0,0,0,0,0,0,0,0,0,0,0,0,0,0,0,1681472412
3913574,3915100,3907012,3928833,3600000,3600000,3600000,3600000,3600000,3600000,3600000,3902893,3915710,3919372,514,690,698,696,693,100,100,100,100,100,100,100,694,700,700,1000,1000,1000,1000,1000,1000,1000,1000,1000,1000,1000,1000,1000,1000,0,0,0,0,0,0,0,0,0,0,0,0,0,0,0,1681472413
3914337,3916168,3907318,3928985,3600000,3600000,3600000,3600000,3600000,3600000,3600000,3903350,3915252,3918914,511,690,698,696,693,100,100,100,100,100,100,100,694,700,700,1000,1000,1000,1000,1000,1000,1000,1000,1000,1000,1000,1000,1000,1000,0,0,0,0,0,0,0,0,0,0,0,0,0,0,0,1681472414
3914184,3915405,3906860,3928222,3600000,3600000,3600000,3600000,3600000,3600000,3600000,3902893,3915863,3918914,514,690,698,696,693,100,100,100,100,100,100,100,694,700,700,1000,1000,1000,1000,1000,1000,1000,1000,1000,1000,1000,1000,1000,1000,0,0,0,0,0,0,0,0,0,0,0,0,0,0,0,1681472415
3913269,3914794,3906860,3928070,3600000,3600000,3600000,3600000,3600000,3600000,3600000,3903045,3915100,3918762,516,690,698,696,693,100,100,100,100,100,100,100,694,700,700,1000,1000,1000,1000,1000,1000,1000,1000,1000,1000,1000,1000,1000,1000,0,0,0,0,0,0,0,0,0,0,0,0,0,0,0,1681472416
3913879,3914947,3905487,3927917,3600000,3600000,3600000,3600000,3600000,3600000,3600000,3902282,3915100,3918914,514,690,698,696,693,100,100,100,100,100,100,100,694,700,700,1000,1000,1000,1000,1000,1000,1000,1000,1000,1000,1000,1000,1000,1000,0,0,0,0,0,0,0,0,0,0,0,0,0,0,0,1681472417
3914031,3915710,3906250,3927764,3600000,3600000,3600000,3600000,3600000,3600000,3600000,3903350,3915405,3919067,512,690,698,696,693,100,100,100,100,100,100,100,694,700,700,1000,1000,1000,1000,1000,1000,1000,1000,1000,1000,1000,1000,1000,1000,0,0,0,0,0,0,0,0,0,0,0,0,0,0,0,1681472418
3913726,3915557,3906707,3928375,3600000,3600000,3600000,3600000,3600000,3600000,3600000,3902893,3915252,3919525,511,690,698,696,693,100,100,100,100,100,100,100,694,700,700,1000,1000,1000,1000,1000,1000,1000,1000,1000,1000,1000,1000,1000,1000,0,0,0,0,0,0,0,0,0,0,0,0,0,0,0,1681472419
3914031,3915710,3906555,3928375,3600000,3600000,3600000,3600000,3600000,3600000,3600000,3902435,3915405,3919372,513,690,698,696,693,100,100,100,100,100,100,100,694,700,700,1000,1000,1000,1000,1000,1000,1000,1000,1000,1000,1000,1000,1000,1000,0,0,0,0,0,0,0,0,0,0,0,0,0,0,0,1681472420
3913726,3915557,3906402,3928070,3600000,3600000,3600000,3600000,3600000,3600000,3600000,3902587,3914947,3918609,513,690,698,696,693,100,100,100,100,100,100,100,694,700,700,1000,1000,1000,1000,1000,1000,1000,1000,1000,1000,1000,1000,1000,1000,0,0,0,0,0,0,0,0,0,0,0,0,0,0,0,1681472421
3913574,3915100,3906250,3927764,3600000,3600000,3600000,3600000,3600000,3600000,3600000,3902893,3915100,3919372,512,690,698,696,693,100,100,100,100,100,100,100,694,700,700,1000,1000,1000,1000,1000,1000,1000,1000,1000,1000,1000,1000,1000,1000,0,0,0,0,0,0,0,0,0,0,0,0,0,0,0,1681472422
3913269,3914947,3906860,3928375,3600000,3600000,3600000,3600000,3600000,3600000,3600000,3902740,3915405,3919525,511,690,698,696,693,100,100,100,100,100,100,100,694,700,700,1000,1000,1000,1000,1000,1000,1000,1000,1000,1000,1000,1000,1000,1000,0,0,0,0,0,0,0,0,0,0,0,0,0,0,0,1681472423
3913879,3914947,3906402,3927917,3600000,3600000,3600000,3600000,3600000,3600000,3600000,3902282,3914947,3918151,514,690,698,696,693,100,100,100,100,100,100,100,694,700,700,1000,1000,1000,1000,1000,1000,1000,1000,1000,1000,1000,1000,1000,1000,0,0,0,0,0,0,0,0,0,0,0,0,0,0,0,1681472424
3913879,3915100,3906860,3928375,3600000,3600000,3600000,3600000,3600000,3600000,3600000,3903656,3915710,3919067,509,690,698,696,693,100,100,100,100,100,100,100,694,700,700,1000,1000,1000,1000,1000,1000,1000,1000,1000,1000,1000,1000,1000,1000,0,0,0,0,0,0,0,0,0,0,0,0,0,0,0,1681472425
3913116,3914947,3906402,3928070,3600000,3600000,3600000,3600000,3600000,3600000,3600000,3902893,3915557,3919372,509,690,698,696,693,100,100,100,100,100,100,100,694,700,700,1000,1000,1000,1000,1000,1000,1000,1000,1000,1000,1000,1000,1000,1000,0,0,0,0,0,0,0,0,0,0,0,0,0,0,0,1681472426
3913574,3915252,3906555,3928375,3600000,3600000,3600000,3600000,3600000,3600000,3600000,3902740,3914794,3918304,510,690,698,696,693,100,100,100,100,100,100,100,694,700,700,1000,1000,1000,1000,1000,1000,1000,1000,1000,1000,1000,1000,1000,1000,0,0,0,0,0,0,0,0,0,0,0,0,0,0,0,1681472427
3913421,3915100,3906250,3927459,3600000,3600000,3600000,3600000,3600000,3600000,3600000,3902435,3915252,3918609,511,690,698,696,693,100,100,100,100,100,100,100,694,700,700,1000,1000,1000,1000,1000,1000,1000,1000,1000,1000,1000,1000,1000,1000,0,0,0,0,0,0,0,0,0,0,0,0,0,0,0,1681472428
3913879,3915252,3905792,3927612,3600000,3600000,3600000,3600000,3600000,3600000,3600000,3902130,3915557,3919067,511,690,698,696,693,100,100,100,100,100,100,100,694,700,700,1000,1000,1000,1000,1000,1000,1000,1000,1000,1000,1000,1000,1000,1000,0,0,0,0,0,0,0,0,0,0,0,0,0,0,0,1681472429
3913269,3914947,3905639,3927307,3600000,3600000,3600000,3600000,3600000,3600000,3600000,3902740,3914031,3917694,514,690,698,696,693,100,100,100,100,100,100,100,694,700,700,1000,1000,1000,1000,1000,1000,1000,1000,1000,1000,1000,1000,1000,1000,0,0,0,0,0,0,0,0,0,0,0,0,0,0,0,1681472430
3913726,3915405,3905944,3927917,3600000,3600000,3600000,3600000,3600000,3600000,3600000,3902587,3914794,3918304,510,690,698,696,693,100,100,100,100,100,100,100,694,700,700,1000,1000,1000,1000,1000,1000,1000,1000,1000,1000,1000,1000,1000,1000,0,0,0,0,0,0,0,0,0,0,0,0,0,0,0,1681472431
3912811,3914947,3906097,3928222,3600000,3600000,3600000,3600000,3600000,3600000,3600000,3902282,3914337,3918304,512,689,697,695,692,99,99,99,99,99,99,99,693,699,699,1000,1000,1000,1000,1000,1000,1000,1000,1000,1000,1000,1000,1000,1000,0,0,0,0,0,0,0,0,0,0,0,0,0,0,0,1681472432
3913421,3915100,3906402,3928070,3600000,3600000,3600000,3600000,3600000,3600000,3600000,3903045,3915557,3918762,509,689,697,695,692,99,99,99,99,99,99,99,693,699,699,1000,1000,1000,1000,1000,1000,1000,1000,1000,1000,1000,1000,1000,1000,0,0,0,0,0,0,0,0,0,0,0,0,0,0,0,1681472433
3913269,3914947,3906402,3928070,3600000,3600000,3600000,3600000,3600000,3600000,3600000,3902435,3914642,3918609,509,689,697,695,692,99,99,99,99,99,99,99,693,699,699,1000,1000,1000,1000,1000,1000,1000,1000,1000,1000,1000,1000,1000,1000,0,0,0,0,0,0,0,0,0,0,0,0,0,0,0,1681472434
3912963,3914489,3905944,3927307,3600000,3600000,3600000,3600000,3600000,3600000,3600000,3902130,3914794,3918457,513,689,697,695,692,99,99,99,99,99,99,99,693,699,699,1000,1000,1000,1000,1000,1000,1000,1000,1000,1000,1000,1000,1000,1000,0,0,0,0,0,0,0,0,0,0,0,0,0,0,0,1681472435
3913574,3915100,3905792,3927154,3600000,3600000,3600000,3600000,3600000,3600000,3600000,3902435,3915100,3918914,511,689,697,695,692,99,99,99,99,99,99,99,693,699,699,1000,1000,1000,1000,1000,1000,1000,1000,1000,1000,1000,1000,1000,1000,0,0,0,0,0,0,0,0,0,0,0,0,0,0,0,1681472436
3912658,3914337,3906250,3927612,3600000,3600000,3600000,3600000,3600000,3600000,3600000,3902130,3914184,3918151,512,689,697,695,692,99,99,99,99,99,99,99,693,699,699,1000,1000,1000,1000,1000,1000,1000,1000,1000,1000,1000,1000,1000,1000,0,0,0,0,0,0,0,0,0,0,0,0,0,0,0,1681472437
3912963,3914642,3905792,3927612,3600000,3600000,3600000,3600000,3600000,3600000,3600000,3902282,3914184,3917999,512,689,697,695,692,99,99,99,99,99,99,99,693,699,699,1000,1000,1000,1000,1000,1000,1000,1000,1000,1000,1000,1000,1000,1000,0,0,0,0,0,0,0,0,0,0,0,0,0,0,0,1681472438
3913421,3914947,3905944,3927459,3600000,3600000,3600000,3600000,3600000,3600000,3600000,3902130,3914947,3918457,508,689,697,695,692,99,99,99,99,99,99,99,693,699,699,1000,1000,1000,1000,1000,1000,1000,1000,1000,1000,1000,1000,1000,1000,0,0,0,0,0,0,0,0,0,0,0,0,0,0,0,1681472439
3912811,3914337,3905487,3927001,3600000,3600000,3600000,3600000,3600000,3600000,3600000,3902130,3914337,3918304,512,689,697,695,692,99,99,99,99,99,99,99,693,699,699,1000,1000,1000,1000,1000,1000,1000,1000,1000,1000,1000,1000,1000,1000,0,0,0,0,0,0,0,0,0,0,0,0,0,0,0,1681472440
3912658,3914489,3905639,3927459,3600000,3600000,3600000,3600000,3600000,3600000,3600000,3902130,3914489,3917541,511,689,697,695,692,99,99,99,99,99,99,99,693,699,699,1000,1000,1000,1000,1000,1000,1000,1000,1000,1000,1000,1000,1000,1000,0,0,0,0,0,0,0,0,0,0,0,0,0,0,0,1681472441
3912506,3914489,3905639,3927001,3600000,3600000,3600000,3600000,3600000,3600000,3600000,3901519,3914031,3917694,514,689,697,695,692,99,99,99,99,99,99,99,693,699,699,1000,1000,1000,1000,1000,1000,1000,1000,1000,1000,1000,1000,1000,1000,0,0,0,0,0,0,0,0,0,0,0,0,0,0,0,1681472442
3912811,3914337,3905029,3927307,3600000,3600000,3600000,3600000,3600000,3600000,3600000,3902587,3914337,3917846,512,689,697,695,692,99,99,99,99,99,99,99,693,699,699,1000,1000,1000,1000,1000,1000,1000,1000,1000,1000,1000,1000,1000,1000,0,0,0,0,0,0,0,0,0,0,0,0,0,0,0,1681472443
3912811,3914031,3905181,3927001,3600000,3600000,3600000,3600000,3600000,3600000,3600000,3901824,3914184,3917694,510,689,697,695,692,99,99,99,99,99,99,99,693,699,699,1000,1000,1000,1000,1000,1000,1000,1000,1000,1000,1000,1000,1000,1000,0,0,0,0,0,0,0,0,0,0,0,0,0,0,0,1681472444
3912353,3914184,3904876,3927001,3600000,3600000,3600000,3600000,3600000,3600000,3600000,3901519,3913421,3917236,514,689,697,695,692,99,99,99,99,99,99,99,693,699,699,1000,1000,1000,1000,1000,1000,1000,1000,1000,1000,1000,1000,1000,1000,0,0,0,0,0,0,0,0,0,0,0,0,0,0,0,1681472445
3912200,3913421,3905029,3926696,3600000,3600000,3600000,3600000,3600000,3600000,3600000,3900604,3913726,3917236,513,689,697,695,692,99,99,99,99,99,99,99,693,699,699,1000,1000,1000,1000,1000,1000,1000,1000,1000,1000,1000,1000,1000,1000,0,0,0,0,0,0,0,0,0,0,0,0,0,0,0,1681472446
3911895,3914031,3904876,3926849,3600000,3600000,3600000,3600000,3600000,3600000,3600000,3901519,3913574,3917388,512,689,697,695,692,99,99,99,99,99,99,99,693,699,699,1000,1000,1000,1000,1000,1000,1000,1000,1000,1000,1000,1000,1000,1000,0,0,0,0,0,0,0,0,0,0,0,0,0,0,0,1681472447
3912200,3914031,3905181,3926696,3600000,3600000,3600000,3600000,3600000,3600000,3600000,3901214,3912658,3916778,516,689,697,695,692,99,99,99,99,99,99,99,693,699,699,1000,1000,1000,1000,1000,1000,1000,1000,1000,1000,1000,1000,1000,1000,0,0,0,0,0,0,0,0,0,0,0,0,0,0,0,1681472448
3912048,3913574,3905792,3927917,3600000,3600000,3600000,3600000,3600000,3600000,3600000,3900756,3914337,3917694,513,689,697,695,692,99,99,99,99,99,99,99,693,699,699,1000,1000,1000,1000,1000,1000,1000,1000,1000,1000,1000,1000,1000,1000,0,0,0,0,0,0,0,0,0,0,0,0,0,0,0,1681472449
3912506,3913879,3904113,3926239,3600000,3600000,3600000,3600000,3600000,3600000,3600000,3901672,3913421,3917388,513,689,697,695,692,99,99,99,99,99,99,99,693,699,699,1000,1000,1000,1000,1000,1000,1000,1000,1000,1000,1000,1000,1000,1000,0,0,0,0,0,0,0,0,0,0,0,0,0,0,0,1681472450
3912353,3914489,3905639,3926239,3600000,3600000,3600000,3600000,3600000,3600000,3600000,3901214,3912963,3917236,511,689,697,695,692,99,99,99,99,99,99,99,693,699,699,1000,1000,1000,1000,1000,1000,1000,1000,1000,1000,1000,1000,1000,1000,0,0,0,0,0,0,0,0,0,0,0,0,0,0,0,1681472451
3912506,3914184,3905334,3926239,3600000,3600000,3600000,3600000,3600000,3600000,3600000,3901367,3914031,3917694,513,688,696,694,691,98,98,98,98,98,98,98,692,698,698,1000,1000,1000,1000,1000,1000,1000,1000,1000,1000,1000,1000,1000,1000,0,0,0,0,0,0,0,0,0,0,0,0,0,0,0,1681472452
3911895,3913116,3905334,3926696,3600000,3600000,3600000,3600000,3600000,3600000,3600000,3901519,3913421,3917999,511,688,696,694,691,98,98,98,98,98,98,98,692,698,698,1000,1000,1000,1000,1000,1000,1000,1000,1000,1000,1000,1000,1000,1000,0,0,0,0,0,0,0,0,0,0,0,0,0,0,0,1681472453
3910980,3913269,3904571,3926544,3600000,3600000,3600000,3600000,3600000,3600000,3600000,3901367,3912811,3916625,515,688,696,694,691,98,98,98,98,98,98,98,692,698,698,1000,1000,1000,1000,1000,1000,1000,1000,1000,1000,1000,1000,1000,1000,0,0,0,0,0,0,0,0,0,0,0,0,0,0,0,1681472454
3912048,3913574,3903961,3926239,3600000,3600000,3600000,3600000,3600000,3600000,3600000,3901062,3913421,3917083,512,688,696,694,691,98,98,98,98,98,98,98,692,698,698,1000,1000,1000,1000,1000,1000,1000,1000,1000,1000,1000,1000,1000,1000,0,0,0,0,0,0,0,0,0,0,0,0,0,0,0,1681472455
3911743,3912811,3904571,3926239,3600000,3600000,3600000,3600000,3600000,3600000,3600000,3900909,3913116,3916473,513,688,696,694,691,98,98,98,98,98,98,98,692,698,698,1000,1000,1000,1000,1000,1000,1000,1000,1000,1000,1000,1000,1000,1000,0,0,0,0,0,0,0,0,0,0,0,0,0,0,0,1681472456
3911743,3913726,3904876,3926086,3600000,3600000,3600000,3600000,3600000,3600000,3600000,3901062,3913879,3917083,512,688,696,694,691,98,98,98,98,98,98,98,692,698,698,1000,1000,1000,1000,1000,1000,1000,1000,1000,1000,1000,1000,1000,1000,0,0,0,0,0,0,0,0,0,0,0,0,0,0,0,1681472457
3911895,3913879,3905334,3926544,3600000,3600000,3600000,3600000,3600000,3600000,3600000,3900604,3912353,3916168,512,688,696,694,691,98,98,98,98,98,98,98,692,698,698,1000,1000,1000,1000,1000,1000,1000,1000,1000,1000,1000,1000,1000,1000,0,0,0,0,0,0,0,0,0,0,0,0,0,0,0,1681472458
3912048,3913574,3904418,3925781,3600000,3600000,3600000,3600000,3600000,3600000,3600000,3900756,3912811,3917236,514,688,696,694,691,98,98,98,98,98,98,98,692,698,698,1000,1000,1000,1000,1000,1000,1000,1000,1000,1000,1000,1000,1000,1000,0,0,0,0,0,0,0,0,0,0,0,0,0,0,0,1681472459
3911437,3913421,3905487,3926696,3600000,3600000,3600000,3600000,3600000,3600000,3600000,3901062,3913879,3917694,513,688,696,694,691,98,98,98,98,98,98,98,692,698,698,1000,1000,1000,1000,1000,1000,1000,1000,1000,1000,1000,1000,1000,1000,0,0,0,0,0,0,0,0,0,0,0,0,0,0,0,1681472460
3911590,3913421,3905029,3925933,3600000,3600000,3600000,3600000,3600000,3600000,3600000,3900604,3913269,3917083,511,688,696,694,691,98,98,98,98,98,98,98,692,698,698,1000,1000,1000,1000,1000,1000,1000,1000,1000,1000,1000,1000,1000,1000,0,0,0,0,0,0,0,0,0,0,0,0,0,0,0,1681472461
3911437,3913421,3904876,3926391,3600000,3600000,3600000,3600000,3600000,3600000,3600000,3900451,3913726,3917236,512,688,696,694,691,98,98,98,98,98,98,98,692,698,698,1000,1000,1000,1000,1000,1000,1000,1000,1000,1000,1000,1000,1000,1000,0,0,0,0,0,0,0,0,0,0,0,0,0,0,0,1681472462
3910827,3913116,3904724,3926239,3600000,3600000,3600000,3600000,3600000,3600000,3600000,3900604,3913421,3917541,510,688,696,694,691,98,98,98,98,98,98,98,692,698,698,1000,1000,1000,1000,1000,1000,1000,1000,1000,1000,1000,1000,1000,1000,0,0,0,0,0,0,0,0,0,0,0,0,0,0,0,1681472463
3911437,3913116,3904266,3925933,3600000,3600000,3600000,3600000,3600000,3600000,3600000,3901062,3913116,3916473,511,688,696,694,691,98,98,98,98,98,98,98,692,698,698,1000,1000,1000,1000,1000,1000,1000,1000,1000,1000,1000,1000,1000,1000,0,0,0,0,0,0,0,0,0,0,0,0,0,0,0,1681472464
3911132,3913269,3904113,3925933,3600000,3600000,3600000,3600000,3600000,3600000,3600000,3900451,3913116,3916320,510,688,696,694,691,98,98,98,98,98,98,98,692,698,698,1000,1000,1000,1000,1000,1000,1000,1000,1000,1000,1000,1000,1000,1000,0,0,0,0,0,0,0,0,0,0,0,0,0,0,0,1681472465
3911132,3912658,3904418,3925781,3600000,3600000,3600000,3600000,3600000,3600000,3600000,3900299,3912506,3916168,514,688,696,694,691,98,98,98,98,98,98,98,692,698,698,1000,1000,1000,1000,1000,1000,1000,1000,1000,1000,1000,1000,1000,1000,0,0,0,0,0,0,0,0,0,0,0,0,0,0,0,1681472466
3911590,3912658,3904113,3925628,3600000,3600000,3600000,3600000,3600000,3600000,3600000,3899993,3912506,3916473,514,688,696,694,691,98,98,98,98,98,98,98,692,698,698,1000,1000,1000,1000,1000,1000,1000,1000,1000,1000,1000,1000,1000,1000,0,0,0,0,0,0,0,0,0,0,0,0,0,0,0,1681472467
3910980,3912811,3904266,3926086,3600000,3600000,3600000,3600000,3600000,3600000,3600000,3899841,3913269,3916625,513,688,696,694,691,98,98,98,98,98,98,98,692,698,698,1000,1000,1000,1000,1000,1000,1000,1000,1000,1000,1000,1000,1000,1000,0,0,0,0,0,0,0,0,0,0,0,0,0,0,0,1681472468
3911132,3912658,3904266,3926086,3600000,3600000,3600000,3600000,3600000,3600000,3600000,3900299,3912658,3916625,512,688,696,694,691,98,98,98,98,98,98,98,692,698,698,1000,1000,1000,1000,1000,1000,1000,1000,1000,1000,1000,1000,1000,1000,0,0,0,0,0,0,0,0,0,0,0,0,0,0,0,1681472469
3910980,3913421,3904876,3925933,3600000,3600000,3600000,3600000,3600000,3600000,3600000,3900756,3913421,3917083,512,688,696,694,691,98,98,98,98,98,98,98,692,698,698,1000,1000,1000,1000,1000,1000,1000,1000,1000,1000,1000,1000,1000,1000,0,0,0,0,0,0,0,0,0,0,0,0,0,0,0,1681472470
3911437,3912811,3904571,3926239,3600000,3600000,3600000,3600000,3600000,3600000,3600000,3900451,3912963,3916625,514,688,696,694,691,98,98,98,98,98,98,98,692,698,698,1000,1000,1000,1000,1000,1000,1000,1000,1000,1000,1000,1000,1000,1000,0,0,0,0,0,0,0,0,0,0,0,0,0,0,0,1681472471
3911132,3912506,3903808,3925323,3600000,3600000,3600000,3600000,3600000,3600000,3600000,3900299,3913116,3916625,513,687,695,693,690,97,97,97,97,97,97,97,691,697,697,1000,1000,1000,1000,1000,1000,1000,1000,1000,1000,1000,1000,1000,1000,0,0,0,0,0,0,0,0,0,0,0,0,0,0,0,1681472472
3910980,3913116,3904266,3925628,3600000,3600000,3600000,3600000,3600000,3600000,3600000,3899993,3913269,3916320,510,687,695,693,690,97,97,97,97,97,97,97,691,697,697,1000,1000,1000,1000,1000,1000,1000,1000,1000,1000,1000,1000,1000,1000,0,0,0,0,0,0,0,0,0,0,0,0,0,0,0,1681472473
3910369,3912658,3904266,3925781,3600000,3600000,3600000,3600000,3600000,3600000,3600000,3899688,3912048,3916320,515,687,695,693,690,97,97,97,97,97,97,97,691,697,697,1000,1000,1000,1000,1000,1000,1000,1000,1000,1000,1000,1000,1000,1000,0,0,0,0,0,0,0,0,0,0,0,0,0,0,0,1681472474
3911132,3912963,3903503,3925781,3600000,3600000,3600000,3600000,3600000,3600000,3600000,3900146,3912200,3916015,514,687,695,693,690,97,97,97,97,97,97,97,691,697,697,1000,1000,1000,1000,1000,1000,1000,1000,1000,1000,1000,1000,1000,1000,0,0,0,0,0,0,0,0,0,0,0,0,0,0,0,1681472475
3911132,3913574,3904571,3925781,3600000,3600000,3600000,3600000,3600000,3600000,3600000,3900146,3911895,3915557,513,687,695,693,690,97,97,97,97,97,97,97,691,697,697,1000,1000,1000,1000,1000,1000,1000,1000,1000,1000,1000,1000,1000,1000,0,0,0,0,0,0,0,0,0,0,0,0,0,0,0,1681472476
3910980,3912200,3903808,3925781,3600000,3600000,3600000,3600000,3600000,3600000,3600000,3900604,3912506,3916931,512,687,695,693,690,97,97,97,97,97,97,97,691,697,697,1000,1000,1000,1000,1000,1000,1000,1000,1000,1000,1000,1000,1000,1000,0,0,0,0,0,0,0,0,0,0,0,0,0,0,0,1681472477
3910064,3912353,3903503,3925170,3600000,3600000,3600000,3600000,3600000,3600000,3600000,3899688,3912200,3915863,516,687,695,693,690,97,97,97,97,97,97,97,691,697,697,1000,1000,1000,1000,1000,1000,1000,1000,1000,1000,1000,1000,1000,1000,0,0,0,0,0,0,0,0,0,0,0,0,0,0,0,1681472478
3910827,3911895,3903198,3924865,3600000,3600000,3600000,3600000,3600000,3600000,3600000,3899841,3912048,3916015,514,687,695,693,690,97,97,97,97,97,97,97,691,697,697,1000,1000,1000,1000,1000,1000,1000,1000,1000,1000,1000,1000,1000,1000,0,0,0,0,0,0,0,0,0,0,0,0,0,0,0,1681472479
3909912,3911895,3903350,3925476,3600000,3600000,3600000,3600000,3600000,3600000,3600000,3900299,3912506,3916168,513,687,695,693,690,97,97,97,97,97,97,97,691,697,697,1000,1000,1000,1000,1000,1000,1000,1000,1000,1000,1000,1000,1000,1000,0,0,0,0,0,0,0,0,0,0,0,0,0,0,0,1681472480
3910217,3911590,3904113,3925476,3600000,3600000,3600000,3600000,3600000,3600000,3600000,3900146,3912353,3916015,514,687,695,693,690,97,97,97,97,97,97,97,691,697,697,1000,1000,1000,1000,1000,1000,1000,1000,1000,1000,1000,1000,1000,1000,0,0,0,0,0,0,0,0,0,0,0,0,0,0,0,1681472481
3910064,3912200,3903198,3925476,3600000,3600000,3600000,3600000,3600000,3600000,3600000,3900299,3912506,3916473,515,687,695,693,690,97,97,97,97,97,97,97,691,697,697,1000,1000,1000,1000,1000,1000,1000,1000,1000,1000,1000,1000,1000,1000,0,0,0,0,0,0,0,0,0,0,0,0,0,0,0,1681472482
3909912,3911590,3903350,3925018,3600000,3600000,3600000,3600000,3600000,3600000,3600000,3899536,3912353,3915405,514,687,695,693,690,97,97,97,97,97,97,97,691,697,697,1000,1000,1000,1000,1000,1000,1000,1000,1000,1000,1000,1000,1000,1000,0,0,0,0,0,0,0,0,0,0,0,0,0,0,0,1681472483
3910675,3912658,3903656,3925476,3600000,3600000,3600000,3600000,3600000,3600000,3600000,3900451,3912048,3916015,509,687,695,693,690,97,97,97,97,97,97,97,691,697,697,1000,1000,1000,1000,1000,1000,1000,1000,1000,1000,1000,1000,1000,1000,0,0,0,0,0,0,0,0,0,0,0,0,0,0,0,1681472484
3910522,3912658,3903503,3925018,3600000,3600000,3600000,3600000,3600000,3600000,3600000,3900146,3912353,3915710,510,687,695,693,690,97,97,97,97,97,97,97,691,697,697,1000,1000,1000,1000,1000,1000,1000,1000,1000,1000,1000,1000,1000,1000,0,0,0,0,0,0,0,0,0,0,0,0,0,0,0,1681472485
3910675,3912353,3903961,3925628,3600000,3600000,3600000,3600000,3600000,3600000,3600000,3899841,3912353,3916168,511,687,695,693,690,97,97,97,97,97,97,97,691,697,697,1000,1000,1000,1000,1000,1000,1000,1000,1000,1000,1000,1000,1000,1000,0,0,0,0,0,0,0,0,0,0,0,0,0,0,0,1681472486
3910369,3912658,3903350,3925018,3600000,3600000,3600000,3600000,3600000,3600000,3600000,3899536,3912048,3916320,510,687,695,693,690,97,97,97,97,97,97,97,691,697,697,1000,1000,1000,1000,1000,1000,1000,1000,1000,1000,1000,1000,1000,1000,0,0,0,0,0,0,0,0,0,0,0,0,0,0,0,1681472487
3910675,3912658,3904113,3925781,3600000,3600000,3600000,3600000,3600000,3600000,3600000,3900146,3911895,3915863,510,687,695,693,690,97,97,97,97,97,97,97,691,697,697,1000,1000,1000,1000,1000,1000,1000,1000,1000,1000,1000,1000,1000,1000,0,0,0,0,0,0,0,0,0,0,0,0,0,0,0,1681472488
3910064,3911895,3903503,3925018,3600000,3600000,3600000,3600000,3600000,3600000,3600000,3899536,3911895,3915252,512,687,695,693,690,97,97,97,97,97,97,97,691,697,697,1000,1000,1000,1000,1000,1000,1000,1000,1000,1000,1000,1000,1000,1000,0,0,0,0,0,0,0,0,0,0,0,0,0,0,0,1681472489
3910217,3912048,3902893,3925018,3600000,3600000,3600000,3600000,3600000,3600000,3600000,3899383,3911743,3915557,513,687,695,693,690,97,97,97,97,97,97,97,691,697,697,1000,1000,1000,1000,1000,1000,1000,1000,1000,1000,1000,1000,1000,1000,0,0,0,0,0,0,0,0,0,0,0,0,0,0,0,1681472490
3910217,3911895,3903350,3925018,3600000,3600000,3600000,3600000,3600000,3600000,3600000,3898773,3911743,3915710,511,687,695,693,690,97,97,97,97,97,97,97,691,697,697,1000,1000,1000,1000,1000,1000,1000,1000,1000,1000,1000,1000,1000,1000,0,0,0,0,0,0,0,0,0,0,0,0,0,0,0,1681472491
3909759,3910980,3903198,3925323,3600000,3600000,3600000,3600000,3600000,3600000,3600000,3899230,3911895,3915100,515,686,694,692,689,96,96,96,96,96,96,96,690,696,696,1000,1000,1000,1000,1000,1000,1000,1000,1000,1000,1000,1000,1000,1000,0,0,0,0,0,0,0,0,0,0,0,0,0,0,0,1681472492
3909759,3911285,3902587,3924255,3600000,3600000,3600000,3600000,3600000,3600000,3600000,3899230,3911132,3915100,515,686,694,692,689,96,96,96,96,96,96,96,690,696,696,1000,1000,1000,1000,1000,1000,1000,1000,1000,1000,1000,1000,1000,1000,0,0,0,0,0,0,0,0,0,0,0,0,0,0,0,1681472493
3908843,3911590,3902740,3924255,3600000,3600000,3600000,3600000,3600000,3600000,3600000,3899230,3912048,3916168,515,686,694,692,689,96,96,96,96,96,96,96,690,696,696,1000,1000,1000,1000,1000,1000,1000,1000,1000,1000,1000,1000,1000,1000,0,0,0,0,0,0,0,0,0,0,0,0,0,0,0,1681472494
3910369,3911895,3903350,3924713,3600000,3600000,3600000,3600000,3600000,3600000,3600000,3899688,3911895,3915100,511,686,694,692,689,96,96,96,96,96,96,96,690,696,696,1000,1000,1000,1000,1000,1000,1000,1000,1000,1000,1000,1000,1000,1000,0,0,0,0,0,0,0,0,0,0,0,0,0,0,0,1681472495
3909912,3911285,3903198,3924865,3600000,3600000,3600000,3600000,3600000,3600000,3600000,3899230,3911437,3914337,511,686,694,692,689,96,96,96,96,96,96,96,690,696,696,1000,1000,1000,1000,1000,1000,1000,1000,1000,1000,1000,1000,1000,1000,0,0,0,0,0,0,0,0,0,0,0,0,0,0,0,1681472496
3910217,3911895,3902740,3924865,3600000,3600000,3600000,3600000,3600000,3600000,3600000,3899078,3911132,3915100,514,686,694,692,689,96,96,96,96,96,96,96,690,696,696,1000,1000,1000,1000,1000,1000,1000,1000,1000,1000,1000,1000,1000,1000,0,0,0,0,0,0,0,0,0,0,0,0,0,0,0,1681472497
3910064,3911743,3902282,3924102,3600000,3600000,3600000,3600000,3600000,3600000,3600000,3898773,3910675,3914794,514,686,694,692,689,96,96,96,96,96,96,96,690,696,696,1000,1000,1000,1000,1000,1000,1000,1000,1000,1000,1000,1000,1000,1000,0,0,0,0,0,0,0,0,0,0,0,0,0,0,0,1681472498
3908843,3910522,3901977,3923492,3600000,3600000,3600000,3600000,3600000,3600000,3600000,3898925,3911437,3915100,515,686,694,692,689,96,96,96,96,96,96,96,690,696,696,1000,1000,1000,1000,1000,1000,1000,1000,1000,1000,1000,1000,1000,1000,0,0,0,0,0,0,0,0,0,0,0,0,0,0,0,1681472499
3909454,3911590,3901977,3924102,3600000,3600000,3600000,3600000,3600000,3600000,3600000,3898162,3911132,3915100,516,686,694,692,689,96,96,96,96,96,96,96,690,696,696,1000,1000,1000,1000,1000,1000,1000,1000,1000,1000,1000,1000,1000,1000,0,0,0,0,0,0,0,0,0,0,0,0,0,0,0,1681472500
3909301,3910522,3903045,3924102,3600000,3600000,3600000,3600000,3600000,3600000,3600000,3898925,3911285,3915252,514,686,694,692,689,96,96,96,96,96,96,96,690,696,696,1000,1000,1000,1000,1000,1000,1000,1000,1000,1000,1000,1000,1000,1000,0,0,0,0,0,0,0,0,0,0,0,0,0,0,0,1681472501
3909606,3911895,3902130,3924255,3600000,3600000,3600000,3600000,3600000,3600000,3600000,3898468,3911285,3914794,515,686,694,692,689,96,96,96,96,96,96,96,690,696,696,1000,1000,1000,1000,1000,1000,1000,1000,1000,1000,1000,1000,1000,1000,0,0,0,0,0,0,0,0,0,0,0,0,0,0,0,1681472502
3909912,3911895,3902740,3924102,3600000,3600000,3600000,3600000,3600000,3600000,3600000,3899383,3911285,3914642,514,686,694,692,689,96,96,96,96,96,96,96,690,696,696,1000,1000,1000,1000,1000,1000,1000,1000,1000,1000,1000,1000,1000,1000,0,0,0,0,0,0,0,0,0,0,0,0,0,0,0,1681472503
3908538,3911132,3902435,3923950,3600000,3600000,3600000,3600000,3600000,3600000,3600000,3898620,3911590,3915252,515,686,694,692,689,96,96,96,96,96,96,96,690,696,696,1000,1000,1000,1000,1000,1000,1000,1000,1000,1000,1000,1000,1000,1000,0,0,0,0,0,0,0,0,0,0,0,0,0,0,0,1681472504
3909759,3911285,3901977,3923797,3600000,3600000,3600000,3600000,3600000,3600000,3600000,3898773,3911437,3914947,513,686,694,692,689,96,96,96,96,96,96,96,690,696,696,1000,1000,1000,1000,1000,1000,1000,1000,1000,1000,1000,1000,1000,1000,0,0,0,0,0,0,0,0,0,0,0,0,0,0,0,1681472505
3909606,3910980,3902282,3923645,3600000,3600000,3600000,3600000,3600000,3600000,3600000,3898468,3910675,3914642,514,686,694,692,689,96,96,96,96,96,96,96,690,696,696,1000,1000,1000,1000,1000,1000,1000,1000,1000,1000,1000,1000,1000,1000,0,0,0,0,0,0,0,0,0,0,0,0,0,0,0,1681472506
3909149,3910980,3901824,3924102,3600000,3600000,3600000,3600000,3600000,3600000,3600000,3898620,3910369,3914642,515,686,694,692,689,96,96,96,96,96,96,96,690,696,696,1000,1000,1000,1000,1000,1000,1000,1000,1000,1000,1000,1000,1000,1000,0,0,0,0,0,0,0,0,0,0,0,0,0,0,0,1681472507
3909454,3911590,3902740,3924255,3600000,3600000,3600000,3600000,3600000,3600000,3600000,3898315,3911132,3914794,512,686,694,692,689,96,96,96,96,96,96,96,690,696,696,1000,1000,1000,1000,1000,1000,1000,1000,1000,1000,1000,1000,1000,1000,0,0,0,0,0,0,0,0,0,0,0,0,0,0,0,1681472508
3909149,3910827,3902435,3923950,3600000,3600000,3600000,3600000,3600000,3600000,3600000,3898620,3910217,3914031,514,686,694,692,689,96,96,96,96,96,96,96,690,696,696,1000,1000,1000,1000,1000,1000,1000,1000,1000,1000,1000,1000,1000,1000,0,0,0,0,0,0,0,0,0,0,0,0,0,0,0,1681472509
3908691,3910827,3901824,3923645,3600000,3600000,3600000,3600000,3600000,3600000,3600000,3897857,3910980,3914947,516,686,694,692,689,96,96,96,96,96,96,96,690,696,696,1000,1000,1000,1000,1000,1000,1000,1000,1000,1000,1000,1000,1000,1000,0,0,0,0,0,0,0,0,0,0,0,0,0,0,0,1681472510
3908538,3910675,3901824,3923492,3600000,3600000,3600000,3600000,3600000,3600000,3600000,3897857,3910369,3914184,517,686,694,692,689,96,96,96,96,96,96,96,690,696,696,1000,1000,1000,1000,1000,1000,1000,1000,1000,1000,1000,1000,1000,1000,0,0,0,0,0,0,0,0,0,0,0,0,0,0,0,1681472511
3908996,3911285,3902587,3923797,3600000,3600000,3600000,3600000,3600000,3600000,3600000,3897857,3910217,3914489,514,685,693,691,688,95,95,95,95,95,95,95,689,695,695,1000,1000,1000,1000,1000,1000,1000,1000,1000,1000,1000,1000,1000,1000,0,0,0,0,0,0,0,0,0,0,0,0,0,0,0,1681472512
3908081,3910217,3902130,3923645,3600000,3600000,3600000,3600000,3600000,3600000,3600000,3897857,3910064,3913269,515,685,693,691,688,95,95,95,95,95,95,95,689,695,695,1000,1000,1000,1000,1000,1000,1000,1000,1000,1000,1000,1000,1000,1000,0,0,0,0,0,0,0,0,0,0,0,0,0,0,0,1681472513
3908843,3910369,3901519,3923339,3600000,3600000,3600000,3600000,3600000,3600000,3600000,3898010,3910217,3913574,516,685,693,691,688,95,95,95,95,95,95,95,689,695,695,1000,1000,1000,1000,1000,1000,1000,1000,1000,1000,1000,1000,1000,1000,0,0,0,0,0,0,0,0,0,0,0,0,0,0,0,1681472514
3909301,3911132,3902130,3923797,3600000,3600000,3600000,3600000,3600000,3600000,3600000,3898620,3910675,3914337,515,685,693,691,688,95,95,95,95,95,95,95,689,695,695,1000,1000,1000,1000,1000,1000,1000,1000,1000,1000,1000,1000,1000,1000,0,0,0,0,0,0,0,0,0,0,0,0,0,0,0,1681472515
3908996,3910369,3901519,3923492,3600000,3600000,3600000,3600000,3600000,3600000,3600000,3898468,3910522,3914031,515,685,693,691,688,95,95,95,95,95,95,95,689,695,695,1000,1000,1000,1000,1000,1000,1000,1000,1000,1000,1000,1000,1000,1000,0,0,0,0,0,0,0,0,0,0,0,0,0,0,0,1681472516
